350 90 1. 0. 1.732051 0. 0. 0. 2.236068 0. 0. 0. 0. 0. 2.645751 0. 0. 0.
340 90 1. 0. 1.732051 0. 0. 0. 2.236068 0. 0. 0. 0. 0. 2.645751 0. 0. 0.
330 90 1. 0. 1.732051 0. 0. 0. 2.236068 0. 0. 0. 0. 0. 2.645751 0. 0. 0.
320 90 1. 0. 1.732051 0. 0. 0. 2.236068 0. 0. 0. 0. 0. 2.645751 0. 0. 0.
310 90 1. 0. 1.732051 0. 0. 0. 2.236068 0. 0. 0. 0. 0. 2.645751 0. 0. 0.
300 90 1. 0. 1.732051 0. 0. 0. 2.236068 0. 0. 0. 0. 0. 2.645751 0. 0. 0.
290 90 1. 0. 1.732051 0. 0. 0. 2.236068 0. 0. 0. 0. 0. 2.645751 0. 0. 0.
280 90 1. 0. 1.732051 0. 0. 0. 2.236068 0. 0. 0. 0. 0. 2.645751 0. 0. 0.
270 90 1. 0. 1.732051 0. 0. 0. 2.236068 0. 0. 0. 0. 0. 2.645751 0. 0. 0.
260 90 1. 0. 1.732051 0. 0. 0. 2.236068 0. 0. 0. 0. 0. 2.645751 0. 0. 0.
250 90 1. 0. 1.732051 0. 0. 0. 2.236068 0. 0. 0. 0. 0. 2.645751 0. 0. 0.
240 90 1. 0. 1.732051 0. 0. 0. 2.236068 0. 0. 0. 0. 0. 2.645751 0. 0. 0.
230 90 1. 0. 1.732051 0. 0. 0. 2.236068 0. 0. 0. 0. 0. 2.645751 0. 0. 0.
220 90 1. 0. 1.732051 0. 0. 0. 2.236068 0. 0. 0. 0. 0. 2.645751 0. 0. 0.
210 90 1. 0. 1.732051 0. 0. 0. 2.236068 0. 0. 0. 0. 0. 2.645751 0. 0. 0.
200 90 1. 0. 1.732051 0. 0. 0. 2.236068 0. 0. 0. 0. 0. 2.645751 0. 0. 0.
190 90 1. 0. 1.732051 0. 0. 0. 2.236068 0. 0. 0. 0. 0. 2.645751 0. 0. 0.
180 90 1. 0. 1.732051 0. 0. 0. 2.236068 0. 0. 0. 0. 0. 2.645751 0. 0. 0.
170 90 1. 0. 1.732051 0. 0. 0. 2.236068 0. 0. 0. 0. 0. 2.645751 0. 0. 0.
160 90 1. 0. 1.732051 0. 0. 0. 2.236068 0. 0. 0. 0. 0. 2.645751 0. 0. 0.
150 90 1. 0. 1.732051 0. 0. 0. 2.236068 0. 0. 0. 0. 0. 2.645751 0. 0. 0.
140 90 1. 0. 1.732051 0. 0. 0. 2.236068 0. 0. 0. 0. 0. 2.645751 0. 0. 0.
130 90 1. 0. 1.732051 0. 0. 0. 2.236068 0. 0. 0. 0. 0. 2.645751 0. 0. 0.
120 90 1. 0. 1.732051 0. 0. 0. 2.236068 0. 0. 0. 0. 0. 2.645751 0. 0. 0.
110 90 1. 0. 1.732051 0. 0. 0. 2.236068 0. 0. 0. 0. 0. 2.645751 0. 0. 0.
100 90 1. 0. 1.732051 0. 0. 0. 2.236068 0. 0. 0. 0. 0. 2.645751 0. 0. 0.
90 90 1. 0. 1.732051 0. 0. 0. 2.236068 0. 0. 0. 0. 0. 2.645751 0. 0. 0.
80 90 1. 0. 1.732051 0. 0. 0. 2.236068 0. 0. 0. 0. 0. 2.645751 0. 0. 0.
70 90 1. 0. 1.732051 0. 0. 0. 2.236068 0. 0. 0. 0. 0. 2.645751 0. 0. 0.
60 90 1. 0. 1.732051 0. 0. 0. 2.236068 0. 0. 0. 0. 0. 2.645751 0. 0. 0.
50 90 1. 0. 1.732051 0. 0. 0. 2.236068 0. 0. 0. 0. 0. 2.645751 0. 0. 0.
40 90 1. 0. 1.732051 0. 0. 0. 2.236068 0. 0. 0. 0. 0. 2.645751 0. 0. 0.
30 90 1. 0. 1.732051 0. 0. 0. 2.236068 0. 0. 0. 0. 0. 2.645751 0. 0. 0.
20 90 1. 0. 1.732051 0. 0. 0. 2.236068 0. 0. 0. 0. 0. 2.645751 0. 0. 0.
10 90 1. 0. 1.732051 0. 0. 0. 2.236068 0. 0. 0. 0. 0. 2.645751 0. 0. 0.
0 90 1. 0. 1.732051 0. 0. 0. 2.236068 0. 0. 0. 0. 0. 2.645751 0. 0. 0.
350 80 1. 0.296198 1.705737 -0.052228 -0.019971 0.652256 2.13493 -0.11501 -0.054871 -0.009485 -0.052036 1.066497 2.409139 -0.188052 -0.142969 0.005476
340 80 1. 0.282629 1.705737 -0.102868 -0.037534 0.622376 2.13493 -0.226526 -0.044731 -0.005476 -0.097796 1.01764 2.409139 -0.370391 -0.116549 0.009485
330 80 1. 0.260472 1.705737 -0.150383 -0.050569 0.573585 2.13493 -0.331159 -0.029196 0. -0.131761 0.937862 2.409139 -0.541475 -0.076072 0.010952
320 80 1. 0.230401 1.705737 -0.193329 -0.057505 0.507365 2.13493 -0.42573 -0.01014 0.005476 -0.149833 0.829588 2.409139 -0.696107 -0.02642 0.009485
310 80 1. 0.193329 1.705737 -0.230401 -0.057505 0.42573 2.13493 -0.507365 0.01014 0.009485 -0.149833 0.696107 2.409139 -0.829588 0.026419 0.005476
300 80 1. 0.150384 1.705737 -0.260472 -0.050569 0.331159 2.13493 -0.573584 0.029196 0.010952 -0.131761 0.541475 2.409139 -0.937862 0.076072 0.
290 80 1. 0.102868 1.705737 -0.282629 -0.037534 0.226526 2.13493 -0.622376 0.044731 0.009485 -0.097797 0.370391 2.409139 -1.01764 0.116549 -0.005476
280 80 1. 0.052228 1.705737 -0.296198 -0.019971 0.115011 2.13493 -0.652256 0.054871 0.005476 -0.052036 0.188053 2.409139 -1.066497 0.142969 -0.009485
270 80 1. 0. 1.705737 -0.300767 0. 0. 2.13493 -0.662318 0.058392 0. 0. 0. 2.409139 -1.08295 0.152144 -0.010952
260 80 1. -0.052228 1.705737 -0.296198 0.019971 -0.11501 2.13493 -0.652256 0.054871 -0.005476 0.052036 -0.188052 2.409139 -1.066497 0.142969 -0.009485
250 80 1. -0.102868 1.705737 -0.282629 0.037534 -0.226526 2.13493 -0.622376 0.044731 -0.009485 0.097796 -0.370391 2.409139 -1.01764 0.116549 -0.005476
240 80 1. -0.150384 1.705737 -0.260472 0.050569 -0.331159 2.13493 -0.573584 0.029196 -0.010952 0.131761 -0.541475 2.409139 -0.937862 0.076072 0.
230 80 1. -0.193329 1.705737 -0.230401 0.057505 -0.42573 2.13493 -0.507365 0.01014 -0.009485 0.149833 -0.696107 2.409139 -0.829588 0.02642 0.005476
220 80 1. -0.230401 1.705737 -0.193329 0.057505 -0.507365 2.13493 -0.42573 -0.01014 -0.005476 0.149833 -0.829588 2.409139 -0.696107 -0.02642 0.009485
210 80 1. -0.260472 1.705737 -0.150384 0.050569 -0.573584 2.13493 -0.331159 -0.029196 0. 0.131761 -0.937862 2.409139 -0.541475 -0.076072 0.010952
200 80 1. -0.282629 1.705737 -0.102868 0.037534 -0.622376 2.13493 -0.226526 -0.044731 0.005476 0.097796 -1.01764 2.409139 -0.370391 -0.116549 0.009485
190 80 1. -0.296198 1.705737 -0.052228 0.019971 -0.652256 2.13493 -0.11501 -0.054871 0.009485 0.052036 -1.066497 2.409139 -0.188052 -0.142969 0.005476
180 80 1. -0.300767 1.705737 0. 0. -0.662318 2.13493 0. -0.058392 0.010952 0. -1.08295 2.409139 0. -0.152144 0.
170 80 1. -0.296198 1.705737 0.052228 -0.019971 -0.652256 2.13493 0.11501 -0.054871 0.009485 -0.052036 -1.066497 2.409139 0.188052 -0.142969 -0.005476
160 80 1. -0.282629 1.705737 0.102868 -0.037534 -0.622376 2.13493 0.226526 -0.044731 0.005476 -0.097796 -1.01764 2.409139 0.370391 -0.116549 -0.009485
150 80 1. -0.260472 1.705737 0.150384 -0.050569 -0.573585 2.13493 0.331159 -0.029196 0. -0.131761 -0.937862 2.409139 0.541475 -0.076072 -0.010952
140 80 1. -0.230401 1.705737 0.193329 -0.057505 -0.507365 2.13493 0.42573 -0.01014 -0.005476 -0.149833 -0.829588 2.409139 0.696107 -0.02642 -0.009485
130 80 1. -0.193329 1.705737 0.230401 -0.057505 -0.42573 2.13493 0.507365 0.01014 -0.009485 -0.149833 -0.696107 2.409139 0.829588 0.02642 -0.005476
120 80 1. -0.150384 1.705737 0.260472 -0.050569 -0.331159 2.13493 0.573584 0.029196 -0.010952 -0.131761 -0.541475 2.409139 0.937862 0.076072 0.
110 80 1. -0.102868 1.705737 0.282629 -0.037534 -0.226526 2.13493 0.622376 0.044731 -0.009485 -0.097796 -0.370391 2.409139 1.01764 0.116549 0.005476
100 80 1. -0.052228 1.705737 0.296198 -0.019971 -0.11501 2.13493 0.652256 0.054871 -0.005476 -0.052036 -0.188052 2.409139 1.066497 0.142969 0.009485
90 80 1. 0. 1.705737 0.300767 0. 0. 2.13493 0.662318 0.058392 0. 0. 0. 2.409139 1.08295 0.152144 0.010952
80 80 1. 0.052228 1.705737 0.296198 0.019971 0.11501 2.13493 0.652256 0.054871 0.005476 0.052036 0.188052 2.409139 1.066497 0.142969 0.009485
70 80 1. 0.102868 1.705737 0.282629 0.037534 0.226526 2.13493 0.622376 0.044731 0.009485 0.097796 0.370391 2.409139 1.01764 0.116549 0.005476
60 80 1. 0.150384 1.705737 0.260472 0.050569 0.331159 2.13493 0.573584 0.029196 0.010952 0.131761 0.541475 2.409139 0.937862 0.076072 0.
50 80 1. 0.193329 1.705737 0.230401 0.057505 0.42573 2.13493 0.507365 0.01014 0.009485 0.149833 0.696107 2.409139 0.829588 0.02642 -0.005476
40 80 1. 0.230401 1.705737 0.193329 0.057505 0.507365 2.13493 0.42573 -0.01014 0.005476 0.149833 0.829588 2.409139 0.696107 -0.02642 -0.009485
30 80 1. 0.260472 1.705737 0.150384 0.050569 0.573585 2.13493 0.331159 -0.029196 0. 0.131761 0.937862 2.409139 0.541475 -0.076072 -0.010952
20 80 1. 0.282629 1.705737 0.102868 0.037534 0.622376 2.13493 0.226526 -0.044731 -0.005476 0.097796 1.01764 2.409139 0.370391 -0.116549 -0.009485
10 80 1. 0.296198 1.705737 0.052228 0.019971 0.652256 2.13493 0.11501 -0.054871 -0.009485 0.052036 1.066497 2.409139 0.188052 -0.142969 -0.005476
0 80 1. 0.300767 1.705737 0. 0. 0.662318 2.13493 0. -0.058392 -0.010952 0. 1.08295 2.409139 0. -0.152144 0.
350 70 1. 0.583396 1.627595 -0.102868 -0.077477 1.225842 1.843712 -0.216149 -0.212865 -0.072473 -0.192622 1.863685 1.75912 -0.328618 -0.529224 0.041842
340 70 1. 0.55667 1.627595 -0.202611 -0.145608 1.169685 1.843712 -0.42573 -0.173529 -0.041842 -0.362011 1.778308 1.75912 -0.647251 -0.431428 0.072473
330 70 1. 0.51303 1.627595 -0.296198 -0.196178 1.077988 1.843712 -0.622376 -0.113263 0. -0.487735 1.638898 1.75912 -0.946218 -0.281594 0.083684
320 70 1. 0.453802 1.627595 -0.380785 -0.223085 0.953536 1.843712 -0.800112 -0.039336 0.041842 -0.554632 1.44969 1.75912 -1.216434 -0.097797 0.072473
310 70 1. 0.380785 1.627595 -0.453802 -0.223085 0.800112 1.843712 -0.953536 0.039336 0.072473 -0.554632 1.216435 1.75912 -1.44969 0.097796 0.041842
300 70 1. 0.296198 1.627595 -0.51303 -0.196178 0.622377 1.843712 -1.077987 0.113263 0.083684 -0.487736 0.946218 1.75912 -1.638897 0.281594 0.
290 70 1. 0.202612 1.627595 -0.55667 -0.145609 0.425731 1.843712 -1.169685 0.173529 0.072473 -0.362011 0.647252 1.75912 -1.778308 0.431427 -0.041842
280 70 1. 0.102869 1.627595 -0.583396 -0.077477 0.216149 1.843712 -1.225842 0.212865 0.041842 -0.192622 0.328619 1.75912 -1.863685 0.529224 -0.072473
270 70 1. 0. 1.627595 -0.592396 0. 0. 1.843712 -1.244753 0.226526 0. 0. 0. 1.75912 -1.892436 0.563189 -0.083684
260 70 1. -0.102869 1.627595 -0.583396 0.077477 -0.216149 1.843712 -1.225842 0.212865 -0.041842 0.192622 -0.328618 1.75912 -1.863685 0.529224 -0.072473
250 70 1. -0.202611 1.627595 -0.55667 0.145608 -0.425731 1.843712 -1.169685 0.173529 -0.072473 0.362011 -0.647251 1.75912 -1.778308 0.431427 -0.041842
240 70 1. -0.296198 1.627595 -0.51303 0.196178 -0.622377 1.843712 -1.077988 0.113263 -0.083684 0.487736 -0.946218 1.75912 -1.638897 0.281594 0.
230 70 1. -0.380785 1.627595 -0.453802 0.223085 -0.800112 1.843712 -0.953536 0.039336 -0.072473 0.554632 -1.216434 1.75912 -1.44969 0.097797 0.041842
220 70 1. -0.453802 1.627595 -0.380785 0.223085 -0.953536 1.843712 -0.800112 -0.039336 -0.041842 0.554632 -1.44969 1.75912 -1.216434 -0.097797 0.072473
210 70 1. -0.51303 1.627595 -0.296198 0.196178 -1.077988 1.843712 -0.622377 -0.113263 0. 0.487736 -1.638897 1.75912 -0.946218 -0.281594 0.083684
200 70 1. -0.55667 1.627595 -0.202611 0.145608 -1.169685 1.843712 -0.425731 -0.173529 0.041842 0.362011 -1.778308 1.75912 -0.647251 -0.431427 0.072473
190 70 1. -0.583396 1.627595 -0.102869 0.077477 -1.225842 1.843712 -0.216149 -0.212865 0.072473 0.192622 -1.863685 1.75912 -0.328618 -0.529224 0.041842
180 70 1. -0.592396 1.627595 0. 0. -1.244753 1.843712 0. -0.226526 0.083684 0. -1.892436 1.75912 0. -0.563189 0.
170 70 1. -0.583396 1.627595 0.102869 -0.077477 -1.225842 1.843712 0.216149 -0.212865 0.072473 -0.192622 -1.863685 1.75912 0.328618 -0.529224 -0.041842
160 70 1. -0.55667 1.627595 0.202611 -0.145608 -1.169685 1.843712 0.425731 -0.173529 0.041842 -0.362011 -1.778308 1.75912 0.647251 -0.431427 -0.072473
150 70 1. -0.51303 1.627595 0.296198 -0.196178 -1.077988 1.843712 0.622376 -0.113263 0. -0.487736 -1.638898 1.75912 0.946218 -0.281594 -0.083684
140 70 1. -0.453802 1.627595 0.380785 -0.223085 -0.953536 1.843712 0.800112 -0.039336 -0.041842 -0.554632 -1.44969 1.75912 1.216434 -0.097797 -0.072473
130 70 1. -0.380785 1.627595 0.453802 -0.223085 -0.800112 1.843712 0.953536 0.039336 -0.072473 -0.554632 -1.216434 1.75912 1.44969 0.097797 -0.041842
120 70 1. -0.296198 1.627595 0.51303 -0.196178 -0.622377 1.843712 1.077988 0.113263 -0.083684 -0.487736 -0.946218 1.75912 1.638897 0.281594 0.
110 70 1. -0.202611 1.627595 0.55667 -0.145608 -0.42573 1.843712 1.169685 0.173529 -0.072473 -0.362011 -0.647251 1.75912 1.778308 0.431428 0.041842
100 70 1. -0.102869 1.627595 0.583396 -0.077477 -0.216149 1.843712 1.225842 0.212865 -0.041842 -0.192622 -0.328618 1.75912 1.863685 0.529224 0.072473
90 70 1. 0. 1.627595 0.592396 0. 0. 1.843712 1.244753 0.226526 0. 0. 0. 1.75912 1.892436 0.563189 0.083684
80 70 1. 0.102869 1.627595 0.583396 0.077477 0.216149 1.843712 1.225842 0.212865 0.041842 0.192622 0.328618 1.75912 1.863685 0.529224 0.072473
70 70 1. 0.202611 1.627595 0.55667 0.145608 0.42573 1.843712 1.169685 0.173529 0.072473 0.362011 0.647251 1.75912 1.778308 0.431428 0.041842
60 70 1. 0.296198 1.627595 0.51303 0.196178 0.622377 1.843712 1.077988 0.113263 0.083684 0.487736 0.946218 1.75912 1.638897 0.281594 0.
50 70 1. 0.380785 1.627595 0.453802 0.223085 0.800112 1.843712 0.953536 0.039336 0.072473 0.554632 1.216434 1.75912 1.44969 0.097797 -0.041842
40 70 1. 0.453802 1.627595 0.380785 0.223085 0.953536 1.843712 0.800112 -0.039336 0.041842 0.554632 1.44969 1.75912 1.216434 -0.097797 -0.072473
30 70 1. 0.51303 1.627595 0.296198 0.196178 1.077988 1.843712 0.622376 -0.113263 0. 0.487736 1.638898 1.75912 0.946218 -0.281594 -0.083684
20 70 1. 0.55667 1.627595 0.202611 0.145608 1.169685 1.843712 0.425731 -0.173529 -0.041842 0.362011 1.778308 1.75912 0.647251 -0.431427 -0.072473
10 70 1. 0.583396 1.627595 0.102869 0.077477 1.225842 1.843712 0.216149 -0.212865 -0.072473 0.192622 1.863685 1.75912 0.328618 -0.529224 -0.041842
0 70 1. 0.592396 1.627595 0. 0. 1.244753 1.843712 0. -0.226526 -0.083684 0. 1.892436 1.75912 0. -0.563189 0.
350 60 1. 0.852868 1.5 -0.150384 -0.16558 1.651573 1.397543 -0.291217 -0.454927 -0.226428 -0.379391 2.19391 0.859233 -0.386845 -1.042368 0.130728
340 60 1. 0.813798 1.5 -0.296198 -0.311188 1.575912 1.397543 -0.573585 -0.37086 -0.130728 -0.713021 2.093405 0.859233 -0.761937 -0.849746 0.226428
330 60 1. 0.75 1.5 -0.433012 -0.419262 1.452369 1.397543 -0.838525 -0.242062 0. -0.960651 1.929292 0.859233 -1.113877 -0.554633 0.261456
320 60 1. 0.663414 1.5 -0.55667 -0.476768 1.284696 1.397543 -1.077987 -0.084067 0.130728 -1.092412 1.706559 0.859233 -1.431973 -0.192622 0.226428
310 60 1. 0.55667 1.5 -0.663414 -0.476768 1.077988 1.397543 -1.284695 0.084067 0.226428 -1.092412 1.431973 0.859233 -1.706558 0.192621 0.130728
300 60 1. 0.433013 1.5 -0.75 -0.419263 0.838526 1.397543 -1.452368 0.242061 0.261456 -0.960651 1.113878 0.859233 -1.929292 0.554632 0.
290 60 1. 0.296198 1.5 -0.813797 -0.311188 0.573586 1.397543 -1.575912 0.370859 0.226428 -0.713022 0.761938 0.859233 -2.093404 0.849745 -0.130728
280 60 1. 0.150384 1.5 -0.852868 -0.16558 0.291217 1.397543 -1.651572 0.454926 0.130728 -0.379391 0.386846 0.859233 -2.19391 1.042367 -0.226428
270 60 1. 0. 1.5 -0.866025 0. 0. 1.397543 -1.677051 0.484123 0. 0. 0. 0.859233 -2.227754 1.109264 -0.261456
260 60 1. -0.150384 1.5 -0.852868 0.16558 -0.291217 1.397543 -1.651572 0.454927 -0.130728 0.379391 -0.386846 0.859233 -2.19391 1.042367 -0.226428
250 60 1. -0.296198 1.5 -0.813797 0.311188 -0.573585 1.397543 -1.575912 0.370859 -0.226428 0.713022 -0.761937 0.859233 -2.093404 0.849746 -0.130728
240 60 1. -0.433013 1.5 -0.75 0.419263 -0.838525 1.397543 -1.452368 0.242061 -0.261456 0.960651 -1.113877 0.859233 -1.929292 0.554632 0.
230 60 1. -0.55667 1.5 -0.663414 0.476768 -1.077987 1.397543 -1.284695 0.084067 -0.226428 1.092412 -1.431973 0.859233 -1.706559 0.192622 0.130728
220 60 1. -0.663414 1.5 -0.55667 0.476768 -1.284695 1.397543 -1.077987 -0.084067 -0.130728 1.092412 -1.706559 0.859233 -1.431973 -0.192622 0.226428
210 60 1. -0.75 1.5 -0.433013 0.419263 -1.452368 1.397543 -0.838525 -0.242061 0. 0.960651 -1.929292 0.859233 -1.113877 -0.554632 0.261456
200 60 1. -0.813797 1.5 -0.296198 0.311188 -1.575912 1.397543 -0.573585 -0.37086 0.130728 0.713021 -2.093404 0.859233 -0.761937 -0.849746 0.226428
190 60 1. -0.852868 1.5 -0.150384 0.16558 -1.651572 1.397543 -0.291217 -0.454927 0.226428 0.379391 -2.19391 0.859233 -0.386846 -1.042368 0.130728
180 60 1. -0.866025 1.5 0. 0. -1.677051 1.397543 0. -0.484123 0.261456 0. -2.227754 0.859233 0. -1.109264 0.
170 60 1. -0.852868 1.5 0.150384 -0.16558 -1.651572 1.397543 0.291217 -0.454927 0.226428 -0.379391 -2.19391 0.859233 0.386846 -1.042368 -0.130728
160 60 1. -0.813797 1.5 0.296198 -0.311188 -1.575912 1.397543 0.573585 -0.37086 0.130728 -0.713021 -2.093404 0.859233 0.761937 -0.849746 -0.226428
150 60 1. -0.75 1.5 0.433013 -0.419263 -1.452369 1.397543 0.838525 -0.242061 0. -0.960651 -1.929292 0.859233 1.113877 -0.554632 -0.261456
140 60 1. -0.663414 1.5 0.55667 -0.476768 -1.284696 1.397543 1.077987 -0.084067 -0.130728 -1.092412 -1.706559 0.859233 1.431973 -0.192622 -0.226428
130 60 1. -0.55667 1.5 0.663414 -0.476768 -1.077988 1.397543 1.284695 0.084067 -0.226428 -1.092412 -1.431973 0.859233 1.706559 0.192622 -0.130728
120 60 1. -0.433013 1.5 0.75 -0.419263 -0.838526 1.397543 1.452368 0.242061 -0.261456 -0.960651 -1.113877 0.859233 1.929292 0.554632 0.
110 60 1. -0.296198 1.5 0.813798 -0.311188 -0.573585 1.397543 1.575912 0.37086 -0.226428 -0.713021 -0.761937 0.859233 2.093405 0.849746 0.130728
100 60 1. -0.150384 1.5 0.852868 -0.16558 -0.291217 1.397543 1.651572 0.454927 -0.130728 -0.379391 -0.386845 0.859233 2.19391 1.042368 0.226428
90 60 1. 0. 1.5 0.866025 0. 0. 1.397543 1.677051 0.484123 0. 0. 0. 0.859233 2.227754 1.109264 0.261456
80 60 1. 0.150384 1.5 0.852868 0.16558 0.291217 1.397543 1.651572 0.454927 0.130728 0.379391 0.386845 0.859233 2.19391 1.042368 0.226428
70 60 1. 0.296198 1.5 0.813798 0.311188 0.573585 1.397543 1.575912 0.37086 0.226428 0.713021 0.761937 0.859233 2.093405 0.849746 0.130728
60 60 1. 0.433013 1.5 0.75 0.419263 0.838526 1.397543 1.452368 0.242061 0.261456 0.960651 1.113877 0.859233 1.929292 0.554632 0.
50 60 1. 0.55667 1.5 0.663414 0.476768 1.077988 1.397543 1.284695 0.084067 0.226428 1.092412 1.431973 0.859233 1.706559 0.192622 -0.130728
40 60 1. 0.663414 1.5 0.55667 0.476768 1.284696 1.397543 1.077987 -0.084067 0.130728 1.092412 1.706559 0.859233 1.431973 -0.192622 -0.226428
30 60 1. 0.75 1.5 0.433013 0.419263 1.452369 1.397543 0.838525 -0.242061 0. 0.960651 1.929292 0.859233 1.113877 -0.554632 -0.261456
20 60 1. 0.813797 1.5 0.296198 0.311188 1.575912 1.397543 0.573585 -0.37086 -0.130728 0.713021 2.093404 0.859233 0.761937 -0.849746 -0.226428
10 60 1. 0.852868 1.5 0.150384 0.16558 1.651572 1.397543 0.291217 -0.454927 -0.226428 0.379391 2.19391 0.859233 0.386846 -1.042368 -0.130728
0 60 1. 0.866025 1.5 0. 0. 1.677051 1.397543 0. -0.484123 -0.261456 0. 2.227754 0.859233 0. -1.109264 0.
350 50 1. 1.096427 1.326828 -0.193329 -0.273654 1.878099 0.850234 -0.331159 -0.751859 -0.481085 -0.554632 1.983659 -0.066761 -0.349772 -1.52384 0.277755
340 50 1. 1.046198 1.326828 -0.380785 -0.514302 1.792062 0.850234 -0.652257 -0.612921 -0.277755 -1.042367 1.892785 -0.066761 -0.688917 -1.242246 0.481085
330 50 1. 0.964181 1.326828 -0.55667 -0.692917 1.651573 0.850234 -0.953536 -0.400056 0. -1.404378 1.744401 -0.066761 -1.00713 -0.810819 0.555509
320 50 1. 0.852869 1.326828 -0.715641 -0.787956 1.460902 0.850234 -1.225842 -0.138938 0.277754 -1.597 1.543013 -0.066761 -1.294741 -0.281595 0.481085
310 50 1. 0.715642 1.326828 -0.852868 -0.787956 1.225843 0.850234 -1.460901 0.138938 0.481085 -1.597 1.294742 -0.066761 -1.543012 0.281593 0.277755
300 50 1. 0.556671 1.326828 -0.964181 -0.692917 0.953536 0.850234 -1.651572 0.400055 0.555509 -1.404379 1.007131 -0.066761 -1.7444 0.810817 0.
290 50 1. 0.380785 1.326828 -1.046198 -0.514302 0.652258 0.850234 -1.792061 0.612921 0.481085 -1.042369 0.688918 -0.066761 -1.892785 1.242245 -0.277754
280 50 1. 0.19333 1.326828 -1.096426 -0.273655 0.33116 0.850234 -1.878099 0.751859 0.277755 -0.554633 0.349773 -0.066761 -1.983659 1.523839 -0.481085
270 50 1. 0. 1.326828 -1.113341 0. 0. 0.850234 -1.907072 0.800112 0. 0. 0. -0.066761 -2.01426 1.621637 -0.555509
260 50 1. -0.19333 1.326828 -1.096427 0.273654 -0.33116 0.850234 -1.878099 0.751859 -0.277755 0.554633 -0.349773 -0.066761 -1.983659 1.52384 -0.481085
250 50 1. -0.380785 1.326828 -1.046198 0.514302 -0.652257 0.850234 -1.792061 0.612921 -0.481085 1.042368 -0.688918 -0.066761 -1.892785 1.242245 -0.277755
240 50 1. -0.55667 1.326828 -0.964181 0.692917 -0.953536 0.850234 -1.651573 0.400056 -0.555509 1.404379 -1.00713 -0.066761 -1.7444 0.810818 0.
230 50 1. -0.715642 1.326828 -0.852868 0.787956 -1.225842 0.850234 -1.460902 0.138938 -0.481085 1.597 -1.294742 -0.066761 -1.543013 0.281594 0.277755
220 50 1. -0.852868 1.326828 -0.715642 0.787956 -1.460902 0.850234 -1.225842 -0.138938 -0.277755 1.597 -1.543013 -0.066761 -1.294742 -0.281594 0.481085
210 50 1. -0.964181 1.326828 -0.55667 0.692917 -1.651573 0.850234 -0.953536 -0.400056 0. 1.404379 -1.7444 -0.066761 -1.00713 -0.810818 0.555509
200 50 1. -1.046198 1.326828 -0.380785 0.514302 -1.792061 0.850234 -0.652257 -0.612921 0.277755 1.042368 -1.892785 -0.066761 -0.688917 -1.242246 0.481085
190 50 1. -1.096427 1.326828 -0.19333 0.273654 -1.878099 0.850234 -0.33116 -0.751859 0.481085 0.554632 -1.983659 -0.066761 -0.349773 -1.52384 0.277755
180 50 1. -1.113341 1.326828 0. 0. -1.907072 0.850234 0. -0.800112 0.555509 0. -2.01426 -0.066761 0. -1.621637 0.
170 50 1. -1.096427 1.326828 0.19333 -0.273654 -1.878099 0.850234 0.33116 -0.751859 0.481085 -0.554632 -1.983659 -0.066761 0.349773 -1.52384 -0.277755
160 50 1. -1.046198 1.326828 0.380785 -0.514302 -1.792061 0.850234 0.652257 -0.612921 0.277755 -1.042368 -1.892785 -0.066761 0.688918 -1.242246 -0.481085
150 50 1. -0.964181 1.326828 0.55667 -0.692917 -1.651573 0.850234 0.953536 -0.400056 0. -1.404378 -1.744401 -0.066761 1.00713 -0.810819 -0.555509
140 50 1. -0.852869 1.326828 0.715642 -0.787956 -1.460902 0.850234 1.225842 -0.138938 -0.277755 -1.597 -1.543013 -0.066761 1.294741 -0.281594 -0.481085
130 50 1. -0.715642 1.326828 0.852868 -0.787956 -1.225842 0.850234 1.460902 0.138938 -0.481085 -1.597 -1.294742 -0.066761 1.543013 0.281594 -0.277755
120 50 1. -0.55667 1.326828 0.964181 -0.692917 -0.953536 0.850234 1.651573 0.400056 -0.555509 -1.404379 -1.00713 -0.066761 1.7444 0.810818 0.
110 50 1. -0.380785 1.326828 1.046198 -0.514302 -0.652257 0.850234 1.792061 0.612921 -0.481085 -1.042368 -0.688917 -0.066761 1.892785 1.242246 0.277755
100 50 1. -0.19333 1.326828 1.096427 -0.273654 -0.33116 0.850234 1.878099 0.751859 -0.277755 -0.554632 -0.349773 -0.066761 1.983659 1.52384 0.481085
90 50 1. 0. 1.326828 1.113341 0. 0. 0.850234 1.907072 0.800112 0. 0. 0. -0.066761 2.01426 1.621637 0.555509
80 50 1. 0.19333 1.326828 1.096427 0.273654 0.33116 0.850234 1.878099 0.751859 0.277755 0.554632 0.349773 -0.066761 1.983659 1.52384 0.481085
70 50 1. 0.380785 1.326828 1.046198 0.514302 0.652257 0.850234 1.792061 0.612921 0.481085 1.042368 0.688917 -0.066761 1.892785 1.242246 0.277755
60 50 1. 0.55667 1.326828 0.964181 0.692917 0.953536 0.850234 1.651573 0.400056 0.555509 1.404379 1.00713 -0.066761 1.7444 0.810818 0.
50 50 1. 0.715642 1.326828 0.852868 0.787956 1.225842 0.850234 1.460902 0.138938 0.481085 1.597 1.294742 -0.066761 1.543013 0.281594 -0.277755
40 50 1. 0.852869 1.326828 0.715642 0.787956 1.460902 0.850234 1.225842 -0.138938 0.277755 1.597 1.543013 -0.066761 1.294741 -0.281594 -0.481085
30 50 1. 0.964181 1.326828 0.55667 0.692917 1.651573 0.850234 0.953536 -0.400056 0. 1.404378 1.744401 -0.066761 1.00713 -0.810819 -0.555509
20 50 1. 1.046198 1.326828 0.380785 0.514302 1.792061 0.850234 0.652257 -0.612921 -0.277755 1.042368 1.892785 -0.066761 0.688918 -1.242246 -0.481085
10 50 1. 1.096427 1.326828 0.19333 0.273654 1.878099 0.850234 0.33116 -0.751859 -0.481085 0.554632 1.983659 -0.066761 0.349773 -1.52384 -0.277755
0 50 1. 1.113341 1.326828 0. 0. 1.907072 0.850234 0. -0.800112 -0.555509 0. 2.01426 -0.066761 0. -1.621637 0.
350 40 1. 1.30667 1.113341 -0.230401 -0.388665 1.8781 0.2678 -0.331159 -1.067848 -0.814295 -0.660985 1.302801 -0.794309 -0.229719 -1.816042 0.470133
340 40 1. 1.24681 1.113341 -0.453802 -0.730451 1.792062 0.2678 -0.652257 -0.870518 -0.470133 -1.242245 1.243119 -0.794309 -0.452458 -1.480451 0.814294
330 40 1. 1.149067 1.113341 -0.663414 -0.984134 1.651573 0.2678 -0.953536 -0.56819 0. -1.673673 1.145664 -0.794309 -0.661449 -0.966296 0.940266
320 40 1. 1.016409 1.113341 -0.852868 -1.119116 1.460902 0.2678 -1.225842 -0.197331 0.470133 -1.903231 1.0134 -0.794309 -0.850343 -0.335592 0.814295
310 40 1. 0.852869 1.113341 -1.016409 -1.119116 1.225843 0.2678 -1.460902 0.19733 0.814294 -1.903231 0.850344 -0.794309 -1.013399 0.33559 0.470134
300 40 1. 0.663414 1.113341 -1.149066 -0.984134 0.953537 0.2678 -1.651573 0.568189 0.940266 -1.673674 0.66145 -0.794309 -1.145664 0.966295 0.
290 40 1. 0.453802 1.113341 -1.24681 -0.730452 0.652258 0.2678 -1.792061 0.870517 0.814295 -1.242247 0.452459 -0.794309 -1.243119 1.48045 -0.470133
280 40 1. 0.230402 1.113341 -1.30667 -0.388666 0.33116 0.2678 -1.878099 1.067848 0.470134 -0.660986 0.229719 -0.794309 -1.302801 1.816041 -0.814294
270 40 1. 0. 1.113341 -1.326828 0. 0. 0.2678 -1.907072 1.13638 0. 0. 0. -0.794309 -1.322899 1.932591 -0.940266
260 40 1. -0.230401 1.113341 -1.30667 0.388665 -0.33116 0.2678 -1.878099 1.067848 -0.470134 0.660986 -0.229719 -0.794309 -1.302801 1.816042 -0.814294
250 40 1. -0.453802 1.113341 -1.24681 0.730451 -0.652257 0.2678 -1.792062 0.870517 -0.814294 1.242246 -0.452458 -0.794309 -1.243119 1.480451 -0.470133
240 40 1. -0.663414 1.113341 -1.149067 0.984134 -0.953536 0.2678 -1.651573 0.56819 -0.940266 1.673673 -0.66145 -0.794309 -1.145664 0.966296 0.
230 40 1. -0.852869 1.113341 -1.016409 1.119116 -1.225842 0.2678 -1.460902 0.19733 -0.814295 1.903231 -0.850343 -0.794309 -1.0134 0.335591 0.470133
220 40 1. -1.016409 1.113341 -0.852869 1.119116 -1.460902 0.2678 -1.225842 -0.19733 -0.470133 1.903231 -1.0134 -0.794309 -0.850343 -0.335591 0.814295
210 40 1. -1.149067 1.113341 -0.663414 0.984134 -1.651573 0.2678 -0.953536 -0.56819 0. 1.673673 -1.145664 -0.794309 -0.66145 -0.966296 0.940266
200 40 1. -1.24681 1.113341 -0.453802 0.730451 -1.792062 0.2678 -0.652257 -0.870518 0.470133 1.242246 -1.243119 -0.794309 -0.452458 -1.480451 0.814294
190 40 1. -1.30667 1.113341 -0.230401 0.388665 -1.878099 0.2678 -0.33116 -1.067848 0.814295 0.660985 -1.302801 -0.794309 -0.229719 -1.816042 0.470133
180 40 1. -1.326828 1.113341 0. 0. -1.907072 0.2678 0. -1.13638 0.940266 0. -1.322899 -0.794309 0. -1.932591 0.
170 40 1. -1.30667 1.113341 0.230401 -0.388665 -1.878099 0.2678 0.33116 -1.067848 0.814295 -0.660985 -1.302801 -0.794309 0.229719 -1.816042 -0.470133
160 40 1. -1.24681 1.113341 0.453802 -0.730451 -1.792062 0.2678 0.652257 -0.870518 0.470133 -1.242246 -1.243119 -0.794309 0.452458 -1.480451 -0.814295
150 40 1. -1.149067 1.113341 0.663414 -0.984134 -1.651573 0.2678 0.953536 -0.56819 0. -1.673673 -1.145664 -0.794309 0.66145 -0.966296 -0.940266
140 40 1. -1.016409 1.113341 0.852868 -1.119116 -1.460902 0.2678 1.225842 -0.19733 -0.470133 -1.903231 -1.0134 -0.794309 0.850343 -0.335591 -0.814295
130 40 1. -0.852869 1.113341 1.016409 -1.119116 -1.225842 0.2678 1.460902 0.19733 -0.814294 -1.903231 -0.850343 -0.794309 1.013399 0.335591 -0.470133
120 40 1. -0.663414 1.113341 1.149067 -0.984134 -0.953536 0.2678 1.651573 0.56819 -0.940266 -1.673674 -0.66145 -0.794309 1.145664 0.966295 0.
110 40 1. -0.453802 1.113341 1.24681 -0.730451 -0.652257 0.2678 1.792062 0.870518 -0.814294 -1.242246 -0.452458 -0.794309 1.243119 1.480451 0.470133
100 40 1. -0.230401 1.113341 1.30667 -0.388665 -0.33116 0.2678 1.878099 1.067848 -0.470133 -0.660985 -0.229719 -0.794309 1.302801 1.816042 0.814295
90 40 1. 0. 1.113341 1.326828 0. 0. 0.2678 1.907072 1.13638 0. 0. 0. -0.794309 1.322899 1.932591 0.940266
80 40 1. 0.230401 1.113341 1.30667 0.388665 0.33116 0.2678 1.878099 1.067848 0.470133 0.660985 0.229719 -0.794309 1.302801 1.816042 0.814295
70 40 1. 0.453802 1.113341 1.24681 0.730451 0.652257 0.2678 1.792062 0.870518 0.814294 1.242246 0.452458 -0.794309 1.243119 1.480451 0.470133
60 40 1. 0.663414 1.113341 1.149067 0.984134 0.953536 0.2678 1.651573 0.56819 0.940266 1.673674 0.66145 -0.794309 1.145664 0.966295 0.
50 40 1. 0.852869 1.113341 1.016409 1.119116 1.225842 0.2678 1.460902 0.19733 0.814294 1.903231 0.850343 -0.794309 1.013399 0.335591 -0.470133
40 40 1. 1.016409 1.113341 0.852868 1.119116 1.460902 0.2678 1.225842 -0.19733 0.470133 1.903231 1.0134 -0.794309 0.850343 -0.335591 -0.814295
30 40 1. 1.149067 1.113341 0.663414 0.984134 1.651573 0.2678 0.953536 -0.56819 0. 1.673673 1.145664 -0.794309 0.66145 -0.966296 -0.940266
20 40 1. 1.24681 1.113341 0.453802 0.730451 1.792062 0.2678 0.652257 -0.870518 -0.470133 1.242246 1.243119 -0.794309 0.452458 -1.480451 -0.814295
10 40 1. 1.30667 1.113341 0.230401 0.388665 1.878099 0.2678 0.33116 -1.067848 -0.814295 0.660985 1.302801 -0.794309 0.229719 -1.816042 -0.470133
0 40 1. 1.326828 1.113341 0. 0. 1.907072 0.2678 0. -1.13638 -0.940266 0. 1.322899 -0.794309 0. -1.932591 0.
350 30 1. 1.477212 0.866026 -0.260472 -0.496739 1.651573 -0.279508 -0.291217 -1.36478 -1.176553 -0.657124 0.345452 -1.157516 -0.060912 -1.805435 0.679283
340 30 1. 1.409539 0.866026 -0.51303 -0.933564 1.575913 -0.279508 -0.573585 -1.112579 -0.679283 -1.23499 0.329626 -1.157516 -0.119974 -1.471804 1.176553
330 30 1. 1.299038 0.866026 -0.75 -1.257788 1.452369 -0.279508 -0.838525 -0.726185 0. -1.663897 0.303785 -1.157516 -0.17539 -0.960652 1.358566
320 30 1. 1.149067 0.866026 -0.964181 -1.430304 1.284696 -0.279508 -1.077987 -0.252202 0.679283 -1.892114 0.268714 -1.157516 -0.225477 -0.333632 1.176553
310 30 1. 0.964182 0.866026 -1.149066 -1.430304 1.077988 -0.279508 -1.284695 0.2522 1.176553 -1.892115 0.225478 -1.157516 -0.268714 0.33363 0.679284
300 30 1. 0.75 0.866026 -1.299038 -1.257789 0.838526 -0.279508 -1.452369 0.726184 1.358566 -1.663898 0.17539 -1.157516 -0.303785 0.960651 0.
290 30 1. 0.513031 0.866026 -1.409539 -0.933565 0.573586 -0.279508 -1.575912 1.112578 1.176553 -1.234991 0.119974 -1.157516 -0.329626 1.471803 -0.679282
280 30 1. 0.260473 0.866026 -1.477211 -0.49674 0.291217 -0.279508 -1.651573 1.36478 0.679284 -0.657126 0.060913 -1.157516 -0.345452 1.805434 -1.176552
270 30 1. 0. 0.866026 -1.5 0. 0. -0.279508 -1.677051 1.452369 0. 0. 0. -1.157516 -0.350781 1.921303 -1.358566
260 30 1. -0.260472 0.866026 -1.477212 0.49674 -0.291217 -0.279508 -1.651573 1.36478 -0.679284 0.657125 -0.060912 -1.157516 -0.345452 1.805434 -1.176552
250 30 1. -0.51303 0.866026 -1.409539 0.933565 -0.573585 -0.279508 -1.575913 1.112579 -1.176553 1.23499 -0.119974 -1.157516 -0.329626 1.471804 -0.679283
240 30 1. -0.75 0.866026 -1.299038 1.257788 -0.838526 -0.279508 -1.452369 0.726184 -1.358566 1.663898 -0.17539 -1.157516 -0.303785 0.960652 0.
230 30 1. -0.964181 0.866026 -1.149067 1.430304 -1.077988 -0.279508 -1.284696 0.252201 -1.176553 1.892114 -0.225477 -1.157516 -0.268714 0.333631 0.679283
220 30 1. -1.149067 0.866026 -0.964181 1.430304 -1.284696 -0.279508 -1.077988 -0.252201 -0.679283 1.892115 -0.268714 -1.157516 -0.225477 -0.333631 1.176553
210 30 1. -1.299038 0.866026 -0.75 1.257788 -1.452369 -0.279508 -0.838526 -0.726184 0. 1.663898 -0.303785 -1.157516 -0.17539 -0.960652 1.358566
200 30 1. -1.409539 0.866026 -0.51303 0.933565 -1.575913 -0.279508 -0.573585 -1.112579 0.679283 1.23499 -0.329626 -1.157516 -0.119974 -1.471804 1.176553
190 30 1. -1.477212 0.866026 -0.260472 0.496739 -1.651573 -0.279508 -0.291217 -1.36478 1.176553 0.657124 -0.345452 -1.157516 -0.060912 -1.805435 0.679283
180 30 1. -1.5 0.866026 0. 0. -1.677051 -0.279508 0. -1.452369 1.358566 0. -0.350781 -1.157516 0. -1.921303 0.
170 30 1. -1.477212 0.866026 0.260472 -0.496739 -1.651573 -0.279508 0.291217 -1.36478 1.176553 -0.657125 -0.345452 -1.157516 0.060912 -1.805435 -0.679283
160 30 1. -1.409539 0.866026 0.51303 -0.933565 -1.575913 -0.279508 0.573585 -1.112579 0.679283 -1.23499 -0.329626 -1.157516 0.119974 -1.471804 -1.176553
150 30 1. -1.299038 0.866026 0.75 -1.257788 -1.452369 -0.279508 0.838526 -0.726184 0. -1.663898 -0.303785 -1.157516 0.17539 -0.960652 -1.358566
140 30 1. -1.149067 0.866026 0.964181 -1.430304 -1.284696 -0.279508 1.077988 -0.252201 -0.679283 -1.892114 -0.268714 -1.157516 0.225477 -0.333631 -1.176553
130 30 1. -0.964182 0.866026 1.149067 -1.430304 -1.077988 -0.279508 1.284696 0.252201 -1.176553 -1.892115 -0.225478 -1.157516 0.268714 0.33363 -0.679283
120 30 1. -0.75 0.866026 1.299038 -1.257788 -0.838526 -0.279508 1.452369 0.726184 -1.358566 -1.663898 -0.17539 -1.157516 0.303785 0.960651 0.
110 30 1. -0.51303 0.866026 1.409539 -0.933564 -0.573585 -0.279508 1.575913 1.112579 -1.176553 -1.23499 -0.119974 -1.157516 0.329626 1.471804 0.679283
100 30 1. -0.260472 0.866026 1.477212 -0.496739 -0.291217 -0.279508 1.651573 1.36478 -0.679283 -0.657124 -0.060912 -1.157516 0.345452 1.805435 1.176553
90 30 1. 0. 0.866026 1.5 0. 0. -0.279508 1.677051 1.452369 0. 0. 0. -1.157516 0.350781 1.921303 1.358566
80 30 1. 0.260472 0.866026 1.477212 0.496739 0.291217 -0.279508 1.651573 1.36478 0.679283 0.657124 0.060912 -1.157516 0.345452 1.805435 1.176553
70 30 1. 0.51303 0.866026 1.409539 0.933564 0.573585 -0.279508 1.575913 1.112579 1.176553 1.23499 0.119974 -1.157516 0.329626 1.471804 0.679283
60 30 1. 0.75 0.866026 1.299038 1.257788 0.838526 -0.279508 1.452369 0.726184 1.358566 1.663898 0.17539 -1.157516 0.303785 0.960651 0.
50 30 1. 0.964182 0.866026 1.149067 1.430304 1.077988 -0.279508 1.284696 0.252201 1.176553 1.892115 0.225478 -1.157516 0.268714 0.33363 -0.679283
40 30 1. 1.149067 0.866026 0.964181 1.430304 1.284696 -0.279508 1.077988 -0.252201 0.679283 1.892114 0.268714 -1.157516 0.225477 -0.333631 -1.176553
30 30 1. 1.299038 0.866026 0.75 1.257788 1.452369 -0.279508 0.838526 -0.726184 0. 1.663898 0.303785 -1.157516 0.17539 -0.960652 -1.358566
20 30 1. 1.409539 0.866026 0.51303 0.933565 1.575913 -0.279508 0.573585 -1.112579 -0.679283 1.23499 0.329626 -1.157516 0.119974 -1.471804 -1.176553
10 30 1. 1.477212 0.866026 0.260472 0.496739 1.651573 -0.279508 0.291217 -1.36478 -1.176553 0.657125 0.345452 -1.157516 0.060912 -1.805435 -0.679283
0 30 1. 1.5 0.866026 0. 0. 1.677051 -0.279508 0. -1.452369 -1.358566 0. 0.350781 -1.157516 0. -1.921303 0.
350 20 1. 1.602869 0.592396 -0.282629 -0.584842 1.225842 -0.725679 -0.216149 -1.606842 -1.503063 -0.529224 -0.622396 -1.092717 0.109745 -1.454031 0.867794
340 20 1. 1.529439 0.592396 -0.55667 -1.099144 1.169685 -0.725679 -0.42573 -1.30991 -0.867794 -0.994615 -0.593883 -1.092717 0.216156 -1.185337 1.503063
330 20 1. 1.409539 0.592396 -0.813797 -1.480873 1.077987 -0.725679 -0.622376 -0.854983 0. -1.340042 -0.547326 -1.092717 0.315999 -0.773674 1.735587
320 20 1. 1.246811 0.592396 -1.046198 -1.683987 0.953536 -0.725679 -0.800111 -0.296933 0.867793 -1.52384 -0.484138 -1.092717 0.40624 -0.268695 1.503063
310 20 1. 1.046198 0.592396 -1.24681 -1.683987 0.800112 -0.725679 -0.953535 0.296932 1.503062 -1.52384 -0.40624 -1.092717 0.484138 0.268693 0.867794
300 20 1. 0.813798 0.592396 -1.409539 -1.480874 0.622377 -0.725679 -1.077987 0.854982 1.735587 -1.340043 -0.315999 -1.092717 0.547326 0.773673 0.
290 20 1. 0.556671 0.592396 -1.529439 -1.099145 0.425731 -0.725679 -1.169685 1.309909 1.503063 -0.994617 -0.216156 -1.092717 0.593883 1.185336 -0.867793
280 20 1. 0.28263 0.592396 -1.602868 -0.584844 0.216149 -0.725679 -1.225842 1.606841 0.867795 -0.529225 -0.109745 -1.092717 0.622396 1.454031 -1.503062
270 20 1. 0. 0.592396 -1.627595 0. 0. -0.725679 -1.244753 1.709965 0. 0. 0. -1.092717 0.631997 1.547347 -1.735587
260 20 1. -0.282629 0.592396 -1.602868 0.584843 -0.216149 -0.725679 -1.225842 1.606842 -0.867795 0.529224 0.109745 -1.092717 0.622396 1.454031 -1.503062
250 20 1. -0.55667 0.592396 -1.529439 1.099145 -0.425731 -0.725679 -1.169685 1.309909 -1.503063 0.994616 0.216156 -1.092717 0.593883 1.185337 -0.867794
240 20 1. -0.813798 0.592396 -1.409539 1.480873 -0.622376 -0.725679 -1.077987 0.854982 -1.735587 1.340042 0.315999 -1.092717 0.547326 0.773674 0.
230 20 1. -1.046198 0.592396 -1.24681 1.683987 -0.800112 -0.725679 -0.953536 0.296932 -1.503063 1.52384 0.40624 -1.092717 0.484138 0.268694 0.867794
220 20 1. -1.24681 0.592396 -1.046198 1.683987 -0.953536 -0.725679 -0.800112 -0.296932 -0.867794 1.52384 0.484138 -1.092717 0.40624 -0.268694 1.503063
210 20 1. -1.409539 0.592396 -0.813798 1.480873 -1.077987 -0.725679 -0.622376 -0.854982 0. 1.340042 0.547326 -1.092717 0.315999 -0.773674 1.735587
200 20 1. -1.529439 0.592396 -0.55667 1.099144 -1.169685 -0.725679 -0.42573 -1.30991 0.867794 0.994616 0.593883 -1.092717 0.216156 -1.185337 1.503063
190 20 1. -1.602868 0.592396 -0.282629 0.584843 -1.225842 -0.725679 -0.216149 -1.606842 1.503063 0.529224 0.622396 -1.092717 0.109745 -1.454031 0.867794
180 20 1. -1.627595 0.592396 0. 0. -1.244753 -0.725679 0. -1.709965 1.735587 0. 0.631997 -1.092717 0. -1.547347 0.
170 20 1. -1.602868 0.592396 0.282629 -0.584843 -1.225842 -0.725679 0.216149 -1.606842 1.503063 -0.529224 0.622396 -1.092717 -0.109745 -1.454031 -0.867794
160 20 1. -1.529439 0.592396 0.55667 -1.099145 -1.169685 -0.725679 0.42573 -1.309909 0.867794 -0.994616 0.593883 -1.092717 -0.216156 -1.185337 -1.503063
150 20 1. -1.409539 0.592396 0.813798 -1.480873 -1.077987 -0.725679 0.622376 -0.854983 0. -1.340042 0.547326 -1.092717 -0.315999 -0.773674 -1.735587
140 20 1. -1.24681 0.592396 1.046198 -1.683987 -0.953536 -0.725679 0.800111 -0.296933 -0.867793 -1.52384 0.484138 -1.092717 -0.40624 -0.268694 -1.503063
130 20 1. -1.046198 0.592396 1.24681 -1.683987 -0.800112 -0.725679 0.953536 0.296932 -1.503063 -1.52384 0.40624 -1.092717 -0.484138 0.268694 -0.867794
120 20 1. -0.813798 0.592396 1.409539 -1.480874 -0.622376 -0.725679 1.077987 0.854982 -1.735587 -1.340042 0.315999 -1.092717 -0.547326 0.773673 0.
110 20 1. -0.55667 0.592396 1.529439 -1.099144 -0.42573 -0.725679 1.169685 1.30991 -1.503063 -0.994616 0.216156 -1.092717 -0.593883 1.185337 0.867794
100 20 1. -0.282629 0.592396 1.602868 -0.584843 -0.216149 -0.725679 1.225842 1.606842 -0.867794 -0.529224 0.109745 -1.092717 -0.622396 1.454031 1.503063
90 20 1. 0. 0.592396 1.627595 0. 0. -0.725679 1.244753 1.709965 0. 0. 0. -1.092717 -0.631997 1.547347 1.735587
80 20 1. 0.282629 0.592396 1.602868 0.584843 0.216149 -0.725679 1.225842 1.606842 0.867794 0.529224 -0.109745 -1.092717 -0.622396 1.454031 1.503063
70 20 1. 0.55667 0.592396 1.529439 1.099144 0.42573 -0.725679 1.169685 1.30991 1.503063 0.994616 -0.216156 -1.092717 -0.593883 1.185337 0.867794
60 20 1. 0.813798 0.592396 1.409539 1.480874 0.622376 -0.725679 1.077987 0.854982 1.735587 1.340042 -0.315999 -1.092717 -0.547326 0.773673 0.
50 20 1. 1.046198 0.592396 1.24681 1.683987 0.800112 -0.725679 0.953536 0.296932 1.503063 1.52384 -0.40624 -1.092717 -0.484138 0.268694 -0.867794
40 20 1. 1.24681 0.592396 1.046198 1.683987 0.953536 -0.725679 0.800111 -0.296933 0.867793 1.52384 -0.484138 -1.092717 -0.40624 -0.268694 -1.503063
30 20 1. 1.409539 0.592396 0.813798 1.480873 1.077987 -0.725679 0.622376 -0.854983 0. 1.340042 -0.547326 -1.092717 -0.315999 -0.773674 -1.735587
20 20 1. 1.529439 0.592396 0.55667 1.099145 1.169685 -0.725679 0.42573 -1.309909 -0.867794 0.994616 -0.593883 -1.092717 -0.216156 -1.185337 -1.503063
10 20 1. 1.602868 0.592396 0.282629 0.584843 1.225842 -0.725679 0.216149 -1.606842 -1.503063 0.529224 -0.622396 -1.092717 -0.109745 -1.454031 -0.867794
0 20 1. 1.627595 0.592396 0. 0. 1.244753 -0.725679 0. -1.709965 -1.735587 0. -0.631997 -1.092717 0. -1.547347 0.
350 10 1. 1.679823 0.300767 -0.296198 -0.642347 0.652257 -1.016896 -0.11501 -1.764836 -1.730111 -0.295113 -1.334424 -0.654511 0.235295 -0.810818 0.99888
340 10 1. 1.602869 0.300767 -0.583396 -1.207219 0.622376 -1.016896 -0.226526 -1.438708 -0.998881 -0.554632 -1.273292 -0.654511 0.46344 -0.660985 1.730111
330 10 1. 1.477212 0.300767 -0.852868 -1.626481 0.573585 -1.016896 -0.331159 -0.93905 0. -0.747254 -1.173473 -0.654511 0.677504 -0.431428 1.99776
320 10 1. 1.306671 0.300767 -1.096426 -1.849567 0.507366 -1.016896 -0.42573 -0.326129 0.998879 -0.849746 -1.037997 -0.654511 0.870983 -0.149833 1.730112
310 10 1. 1.096427 0.300767 -1.30667 -1.849567 0.425731 -1.016896 -0.507366 0.326128 1.730111 -0.849746 -0.870983 -0.654511 1.037997 0.149833 0.998881
300 10 1. 0.852869 0.300767 -1.477211 -1.626482 0.33116 -1.016896 -0.573585 0.939049 1.99776 -0.747254 -0.677505 -0.654511 1.173472 0.431427 0.
290 10 1. 0.583397 0.300767 -1.602868 -1.20722 0.226527 -1.016896 -0.622376 1.438707 1.730112 -0.554633 -0.463441 -0.654511 1.273292 0.660985 -0.998879
280 10 1. 0.296199 0.300767 -1.679823 -0.642349 0.115011 -1.016896 -0.652257 1.764836 0.998882 -0.295114 -0.235295 -0.654511 1.334424 0.810818 -1.73011
270 10 1. 0. 0.300767 -1.705737 0. 0. -1.016896 -0.662319 1.878099 0. 0. 0. -0.654511 1.355009 0.862855 -1.99776
260 10 1. -0.296198 0.300767 -1.679823 0.642348 -0.115011 -1.016896 -0.652257 1.764836 -0.998882 0.295114 0.235295 -0.654511 1.334424 0.810818 -1.73011
250 10 1. -0.583397 0.300767 -1.602869 1.207219 -0.226526 -1.016896 -0.622376 1.438707 -1.730111 0.554632 0.463441 -0.654511 1.273292 0.660985 -0.998881
240 10 1. -0.852869 0.300767 -1.477212 1.626482 -0.33116 -1.016896 -0.573585 0.93905 -1.99776 0.747254 0.677505 -0.654511 1.173473 0.431427 0.
230 10 1. -1.096427 0.300767 -1.30667 1.849567 -0.42573 -1.016896 -0.507366 0.326128 -1.730111 0.849746 0.870983 -0.654511 1.037997 0.149833 0.99888
220 10 1. -1.30667 0.300767 -1.096427 1.849567 -0.507366 -1.016896 -0.42573 -0.326128 -0.99888 0.849746 1.037997 -0.654511 0.870983 -0.149833 1.730111
210 10 1. -1.477212 0.300767 -0.852869 1.626482 -0.573585 -1.016896 -0.33116 -0.93905 0. 0.747254 1.173473 -0.654511 0.677505 -0.431427 1.99776
200 10 1. -1.602869 0.300767 -0.583396 1.207219 -0.622376 -1.016896 -0.226526 -1.438708 0.998881 0.554632 1.273292 -0.654511 0.46344 -0.660985 1.730111
190 10 1. -1.679823 0.300767 -0.296198 0.642348 -0.652257 -1.016896 -0.11501 -1.764836 1.730111 0.295114 1.334424 -0.654511 0.235295 -0.810818 0.99888
180 10 1. -1.705737 0.300767 0. 0. -0.662319 -1.016896 0. -1.878099 1.99776 0. 1.355009 -0.654511 0. -0.862855 0.
170 10 1. -1.679823 0.300767 0.296198 -0.642348 -0.652257 -1.016896 0.115011 -1.764836 1.730111 -0.295114 1.334424 -0.654511 -0.235295 -0.810818 -0.99888
160 10 1. -1.602869 0.300767 0.583396 -1.207219 -0.622376 -1.016896 0.226526 -1.438708 0.99888 -0.554632 1.273292 -0.654511 -0.463441 -0.660985 -1.730111
150 10 1. -1.477212 0.300767 0.852868 -1.626482 -0.573585 -1.016896 0.331159 -0.93905 0. -0.747254 1.173473 -0.654511 -0.677505 -0.431427 -1.99776
140 10 1. -1.306671 0.300767 1.096427 -1.849567 -0.507366 -1.016896 0.42573 -0.326129 -0.99888 -0.849746 1.037997 -0.654511 -0.870983 -0.149833 -1.730111
130 10 1. -1.096427 0.300767 1.30667 -1.849567 -0.42573 -1.016896 0.507366 0.326128 -1.730111 -0.849746 0.870983 -0.654511 -1.037997 0.149833 -0.998881
120 10 1. -0.852869 0.300767 1.477212 -1.626482 -0.33116 -1.016896 0.573585 0.939049 -1.99776 -0.747254 0.677505 -0.654511 -1.173472 0.431427 0.
110 10 1. -0.583396 0.300767 1.602869 -1.207219 -0.226526 -1.016896 0.622376 1.438708 -1.730111 -0.554632 0.46344 -0.654511 -1.273292 0.660985 0.998881
100 10 1. -0.296198 0.300767 1.679823 -0.642348 -0.11501 -1.016896 0.652257 1.764836 -0.99888 -0.295114 0.235295 -0.654511 -1.334424 0.810818 1.730111
90 10 1. 0. 0.300767 1.705737 0. 0. -1.016896 0.662319 1.878099 0. 0. 0. -0.654511 -1.355009 0.862855 1.99776
80 10 1. 0.296198 0.300767 1.679823 0.642348 0.11501 -1.016896 0.652257 1.764836 0.99888 0.295114 -0.235295 -0.654511 -1.334424 0.810818 1.730111
70 10 1. 0.583396 0.300767 1.602869 1.207219 0.226526 -1.016896 0.622376 1.438708 1.730111 0.554632 -0.46344 -0.654511 -1.273292 0.660985 0.998881
60 10 1. 0.852869 0.300767 1.477212 1.626482 0.33116 -1.016896 0.573585 0.939049 1.99776 0.747254 -0.677505 -0.654511 -1.173472 0.431427 0.
50 10 1. 1.096427 0.300767 1.30667 1.849567 0.42573 -1.016896 0.507366 0.326128 1.730111 0.849746 -0.870983 -0.654511 -1.037997 0.149833 -0.998881
40 10 1. 1.306671 0.300767 1.096427 1.849567 0.507366 -1.016896 0.42573 -0.326129 0.99888 0.849746 -1.037997 -0.654511 -0.870983 -0.149833 -1.730111
30 10 1. 1.477212 0.300767 0.852868 1.626482 0.573585 -1.016896 0.331159 -0.93905 0. 0.747254 -1.173473 -0.654511 -0.677505 -0.431427 -1.99776
20 10 1. 1.602869 0.300767 0.583396 1.207219 0.622376 -1.016896 0.226526 -1.438708 -0.99888 0.554632 -1.273292 -0.654511 -0.463441 -0.660985 -1.730111
10 10 1. 1.679823 0.300767 0.296198 0.642348 0.652257 -1.016896 0.115011 -1.764836 -1.730111 0.295114 -1.334424 -0.654511 -0.235295 -0.810818 -0.99888
0 10 1. 1.705737 0.300767 0. 0. 0.662319 -1.016896 0. -1.878099 -1.99776 0. -1.355009 -0.654511 0. -0.862855 0.
350 0 1. 1.705737 0. -0.300767 -0.662319 0. -1.118034 0. -1.819707 -1.811422 0. -1.595571 0. 0.281342 0. 1.045825
340 0 1. 1.627595 0. -0.592396 -1.244752 0. -1.118034 0. -1.483439 -1.045825 0. -1.522476 0. 0.554136 0. 1.811422
330 0 1. 1.5 0. -0.866025 -1.677051 0. -1.118034 0. -0.968246 0. 0. -1.403122 0. 0.810092 0. 2.09165
320 0 1. 1.326828 0. -1.11334 -1.907072 0. -1.118034 0. -0.336269 1.045824 0. -1.241134 0. 1.041435 0. 1.811422
310 0 1. 1.113341 0. -1.326827 -1.907072 0. -1.118034 0. 0.336267 1.811421 0. -1.041435 0. 1.241133 0. 1.045826
300 0 1. 0.866026 0. -1.5 -1.677051 0. -1.118034 0. 0.968245 2.09165 0. -0.810093 0. 1.403121 0. 0.
290 0 1. 0.592397 0. -1.627595 -1.244754 0. -1.118034 0. 1.483438 1.811423 0. -0.554136 0. 1.522476 0. -1.045824
280 0 1. 0.300768 0. -1.705737 -0.66232 0. -1.118034 0. 1.819706 1.045826 0. -0.281343 0. 1.595571 0. -1.811421
270 0 1. 0. 0. -1.732051 0. 0. -1.118034 0. 1.936492 0. 0. 0. 0. 1.620185 0. -2.09165
260 0 1. -0.300768 0. -1.705737 0.66232 0. -1.118034 0. 1.819707 -1.045826 0. 0.281342 0. 1.595571 0. -1.811421
250 0 1. -0.592396 0. -1.627595 1.244753 0. -1.118034 0. 1.483438 -1.811422 0. 0.554136 0. 1.522476 0. -1.045825
240 0 1. -0.866025 0. -1.5 1.677051 0. -1.118034 0. 0.968246 -2.09165 0. 0.810093 0. 1.403121 0. 0.
230 0 1. -1.113341 0. -1.326828 1.907072 0. -1.118034 0. 0.336268 -1.811422 0. 1.041435 0. 1.241134 0. 1.045825
220 0 1. -1.326828 0. -1.113341 1.907072 0. -1.118034 0. -0.336268 -1.045825 0. 1.241134 0. 1.041435 0. 1.811422
210 0 1. -1.5 0. -0.866025 1.677051 0. -1.118034 0. -0.968246 0. 0. 1.403121 0. 0.810093 0. 2.09165
200 0 1. -1.627595 0. -0.592396 1.244753 0. -1.118034 0. -1.483439 1.045825 0. 1.522476 0. 0.554136 0. 1.811422
190 0 1. -1.705737 0. -0.300767 0.662319 0. -1.118034 0. -1.819707 1.811422 0. 1.595571 0. 0.281342 0. 1.045825
180 0 1. -1.732051 0. 0. 0. 0. -1.118034 0. -1.936492 2.09165 0. 1.620185 0. 0. 0. 0.
170 0 1. -1.705737 0. 0.300768 -0.662319 0. -1.118034 0. -1.819707 1.811422 0. 1.595571 0. -0.281342 0. -1.045825
160 0 1. -1.627595 0. 0.592396 -1.244753 0. -1.118034 0. -1.483439 1.045825 0. 1.522476 0. -0.554136 0. -1.811422
150 0 1. -1.5 0. 0.866025 -1.677051 0. -1.118034 0. -0.968246 0. 0. 1.403121 0. -0.810092 0. -2.09165
140 0 1. -1.326828 0. 1.113341 -1.907072 0. -1.118034 0. -0.336268 -1.045825 0. 1.241134 0. -1.041435 0. -1.811422
130 0 1. -1.113341 0. 1.326828 -1.907072 0. -1.118034 0. 0.336268 -1.811422 0. 1.041435 0. -1.241134 0. -1.045825
120 0 1. -0.866026 0. 1.5 -1.677051 0. -1.118034 0. 0.968245 -2.09165 0. 0.810093 0. -1.403121 0. 0.
110 0 1. -0.592396 0. 1.627595 -1.244753 0. -1.118034 0. 1.483439 -1.811422 0. 0.554136 0. -1.522476 0. 1.045825
100 0 1. -0.300767 0. 1.705737 -0.662319 0. -1.118034 0. 1.819707 -1.045825 0. 0.281342 0. -1.595571 0. 1.811422
90 0 1. 0. 0. 1.732051 0. 0. -1.118034 0. 1.936492 0. 0. 0. 0. -1.620185 0. 2.09165
80 0 1. 0.300767 0. 1.705737 0.662319 0. -1.118034 0. 1.819707 1.045825 0. -0.281342 0. -1.595571 0. 1.811422
70 0 1. 0.592396 0. 1.627595 1.244753 0. -1.118034 0. 1.483439 1.811422 0. -0.554136 0. -1.522476 0. 1.045825
60 0 1. 0.866026 0. 1.5 1.677051 0. -1.118034 0. 0.968245 2.09165 0. -0.810093 0. -1.403121 0. 0.
50 0 1. 1.113341 0. 1.326828 1.907072 0. -1.118034 0. 0.336268 1.811422 0. -1.041435 0. -1.241134 0. -1.045825
40 0 1. 1.326828 0. 1.113341 1.907072 0. -1.118034 0. -0.336268 1.045825 0. -1.241134 0. -1.041435 0. -1.811422
30 0 1. 1.5 0. 0.866025 1.677051 0. -1.118034 0. -0.968246 0. 0. -1.403121 0. -0.810092 0. -2.09165
20 0 1. 1.627595 0. 0.592396 1.244753 0. -1.118034 0. -1.483439 -1.045825 0. -1.522476 0. -0.554136 0. -1.811422
10 0 1. 1.705737 0. 0.300768 0.662319 0. -1.118034 0. -1.819707 -1.811422 0. -1.595571 0. -0.281342 0. -1.045825
0 0 1. 1.732051 0. 0. 0. 0. -1.118034 0. -1.936492 -2.09165 0. -1.620185 0. 0. 0. 0.
350 -10 1. 1.679823 -0.300767 -0.296198 -0.642347 -0.652257 -1.016895 0.11501 -1.764836 -1.730111 0.295114 -1.334423 0.654511 0.235295 0.810818 0.99888
340 -10 1. 1.602868 -0.300767 -0.583396 -1.207219 -0.622377 -1.016895 0.226526 -1.438708 -0.99888 0.554632 -1.273292 0.654511 0.46344 0.660985 1.730111
330 -10 1. 1.477212 -0.300767 -0.852868 -1.626481 -0.573585 -1.016895 0.33116 -0.93905 0. 0.747254 -1.173472 0.654511 0.677504 0.431428 1.99776
320 -10 1. 1.30667 -0.300767 -1.096426 -1.849566 -0.507366 -1.016895 0.42573 -0.326129 0.998879 0.849746 -1.037997 0.654511 0.870983 0.149834 1.730111
310 -10 1. 1.096427 -0.300767 -1.30667 -1.849567 -0.425731 -1.016895 0.507366 0.326128 1.73011 0.849746 -0.870983 0.654511 1.037997 -0.149833 0.998881
300 -10 1. 0.852869 -0.300767 -1.477211 -1.626482 -0.33116 -1.016895 0.573585 0.939049 1.99776 0.747254 -0.677505 0.654511 1.173472 -0.431427 0.
290 -10 1. 0.583397 -0.300767 -1.602868 -1.20722 -0.226527 -1.016895 0.622376 1.438707 1.730112 0.554633 -0.463441 0.654511 1.273292 -0.660985 -0.998879
280 -10 1. 0.296199 -0.300767 -1.679823 -0.642349 -0.115011 -1.016895 0.652257 1.764835 0.998881 0.295114 -0.235295 0.654511 1.334423 -0.810818 -1.73011
270 -10 1. 0. -0.300767 -1.705737 0. 0. -1.016895 0.662319 1.878099 0. 0. 0. 0.654511 1.355009 -0.862855 -1.99776
260 -10 1. -0.296198 -0.300767 -1.679823 0.642348 0.115011 -1.016895 0.652257 1.764836 -0.998881 -0.295114 0.235295 0.654511 1.334423 -0.810818 -1.73011
250 -10 1. -0.583396 -0.300767 -1.602868 1.207219 0.226527 -1.016895 0.622377 1.438707 -1.730111 -0.554633 0.46344 0.654511 1.273292 -0.660985 -0.99888
240 -10 1. -0.852869 -0.300767 -1.477211 1.626482 0.33116 -1.016895 0.573585 0.939049 -1.99776 -0.747254 0.677505 0.654511 1.173472 -0.431427 0.
230 -10 1. -1.096427 -0.300767 -1.30667 1.849567 0.425731 -1.016895 0.507366 0.326128 -1.730111 -0.849746 0.870983 0.654511 1.037997 -0.149833 0.99888
220 -10 1. -1.30667 -0.300767 -1.096427 1.849567 0.507366 -1.016895 0.425731 -0.326128 -0.99888 -0.849746 1.037997 0.654511 0.870983 0.149833 1.730111
210 -10 1. -1.477211 -0.300767 -0.852869 1.626482 0.573585 -1.016895 0.33116 -0.939049 0. -0.747254 1.173472 0.654511 0.677505 0.431427 1.99776
200 -10 1. -1.602868 -0.300767 -0.583396 1.207219 0.622377 -1.016895 0.226527 -1.438708 0.99888 -0.554632 1.273292 0.654511 0.46344 0.660985 1.730111
190 -10 1. -1.679823 -0.300767 -0.296198 0.642348 0.652257 -1.016895 0.115011 -1.764836 1.730111 -0.295114 1.334423 0.654511 0.235295 0.810818 0.99888
180 -10 1. -1.705737 -0.300767 0. 0. 0.662319 -1.016895 0. -1.878099 1.99776 0. 1.355009 0.654511 0. 0.862855 0.
170 -10 1. -1.679823 -0.300767 0.296198 -0.642348 0.652257 -1.016895 -0.115011 -1.764836 1.730111 0.295114 1.334423 0.654511 -0.235295 0.810818 -0.99888
160 -10 1. -1.602868 -0.300767 0.583396 -1.207219 0.622377 -1.016895 -0.226527 -1.438707 0.99888 0.554632 1.273292 0.654511 -0.46344 0.660985 -1.730111
150 -10 1. -1.477212 -0.300767 0.852868 -1.626482 0.573585 -1.016895 -0.33116 -0.93905 0. 0.747254 1.173472 0.654511 -0.677504 0.431428 -1.99776
140 -10 1. -1.30667 -0.300767 1.096426 -1.849567 0.507366 -1.016895 -0.425731 -0.326129 -0.99888 0.849746 1.037997 0.654511 -0.870983 0.149833 -1.730111
130 -10 1. -1.096427 -0.300767 1.30667 -1.849567 0.425731 -1.016895 -0.507366 0.326128 -1.730111 0.849746 0.870983 0.654511 -1.037997 -0.149833 -0.998881
120 -10 1. -0.852869 -0.300767 1.477211 -1.626482 0.33116 -1.016895 -0.573585 0.939049 -1.99776 0.747254 0.677505 0.654511 -1.173472 -0.431427 0.
110 -10 1. -0.583396 -0.300767 1.602868 -1.207219 0.226526 -1.016895 -0.622377 1.438708 -1.730111 0.554632 0.46344 0.654511 -1.273292 -0.660985 0.99888
100 -10 1. -0.296198 -0.300767 1.679823 -0.642348 0.115011 -1.016895 -0.652257 1.764836 -0.99888 0.295114 0.235295 0.654511 -1.334423 -0.810818 1.730111
90 -10 1. 0. -0.300767 1.705737 0. 0. -1.016895 -0.662319 1.878099 0. 0. 0. 0.654511 -1.355009 -0.862855 1.99776
80 -10 1. 0.296198 -0.300767 1.679823 0.642348 -0.115011 -1.016895 -0.652257 1.764836 0.99888 -0.295114 -0.235295 0.654511 -1.334423 -0.810818 1.730111
70 -10 1. 0.583396 -0.300767 1.602868 1.207219 -0.226526 -1.016895 -0.622377 1.438708 1.730111 -0.554632 -0.46344 0.654511 -1.273292 -0.660985 0.99888
60 -10 1. 0.852869 -0.300767 1.477211 1.626482 -0.33116 -1.016895 -0.573585 0.939049 1.99776 -0.747254 -0.677505 0.654511 -1.173472 -0.431427 0.
50 -10 1. 1.096427 -0.300767 1.30667 1.849567 -0.425731 -1.016895 -0.507366 0.326128 1.730111 -0.849746 -0.870983 0.654511 -1.037997 -0.149833 -0.998881
40 -10 1. 1.30667 -0.300767 1.096426 1.849567 -0.507366 -1.016895 -0.425731 -0.326129 0.99888 -0.849746 -1.037997 0.654511 -0.870983 0.149833 -1.730111
30 -10 1. 1.477212 -0.300767 0.852868 1.626482 -0.573585 -1.016895 -0.33116 -0.93905 0. -0.747254 -1.173472 0.654511 -0.677504 0.431428 -1.99776
20 -10 1. 1.602868 -0.300767 0.583396 1.207219 -0.622377 -1.016895 -0.226527 -1.438707 -0.99888 -0.554632 -1.273292 0.654511 -0.46344 0.660985 -1.730111
10 -10 1. 1.679823 -0.300767 0.296198 0.642348 -0.652257 -1.016895 -0.115011 -1.764836 -1.730111 -0.295114 -1.334423 0.654511 -0.235295 0.810818 -0.99888
0 -10 1. 1.705737 -0.300767 0. 0. -0.662319 -1.016895 0. -1.878099 -1.99776 0. -1.355009 0.654511 0. 0.862855 0.
350 -20 1. 1.602868 -0.592396 -0.282629 -0.584842 -1.225842 -0.725679 0.216149 -1.606842 -1.503063 0.529224 -0.622395 1.092717 0.109745 1.454031 0.867794
340 -20 1. 1.529439 -0.592396 -0.55667 -1.099144 -1.169685 -0.725679 0.42573 -1.30991 -0.867794 0.994616 -0.593883 1.092717 0.216156 1.185337 1.503063
330 -20 1. 1.409539 -0.592396 -0.813797 -1.480873 -1.077988 -0.725679 0.622376 -0.854983 0. 1.340042 -0.547325 1.092717 0.315998 0.773674 1.735587
320 -20 1. 1.24681 -0.592396 -1.046198 -1.683987 -0.953536 -0.725679 0.800111 -0.296933 0.867793 1.52384 -0.484138 1.092717 0.40624 0.268695 1.503063
310 -20 1. 1.046198 -0.592396 -1.24681 -1.683987 -0.800112 -0.725679 0.953536 0.296932 1.503062 1.52384 -0.40624 1.092717 0.484138 -0.268693 0.867794
300 -20 1. 0.813798 -0.592396 -1.409539 -1.480874 -0.622377 -0.725679 1.077987 0.854982 1.735587 1.340043 -0.315999 1.092717 0.547325 -0.773673 0.
290 -20 1. 0.556671 -0.592396 -1.529439 -1.099145 -0.425731 -0.725679 1.169685 1.309909 1.503063 0.994617 -0.216156 1.092717 0.593883 -1.185336 -0.867793
280 -20 1. 0.282629 -0.592396 -1.602868 -0.584844 -0.216149 -0.725679 1.225842 1.606841 0.867795 0.529225 -0.109745 1.092717 0.622395 -1.454031 -1.503062
270 -20 1. 0. -0.592396 -1.627595 0. 0. -0.725679 1.244753 1.709965 0. 0. 0. 1.092717 0.631997 -1.547348 -1.735587
260 -20 1. -0.282629 -0.592396 -1.602868 0.584843 0.216149 -0.725679 1.225842 1.606842 -0.867795 -0.529224 0.109745 1.092717 0.622395 -1.454031 -1.503062
250 -20 1. -0.55667 -0.592396 -1.529439 1.099145 0.425731 -0.725679 1.169685 1.309909 -1.503062 -0.994616 0.216156 1.092717 0.593883 -1.185337 -0.867794
240 -20 1. -0.813798 -0.592396 -1.409539 1.480873 0.622376 -0.725679 1.077988 0.854982 -1.735587 -1.340043 0.315998 1.092717 0.547325 -0.773674 0.
230 -20 1. -1.046198 -0.592396 -1.24681 1.683987 0.800112 -0.725679 0.953536 0.296932 -1.503063 -1.52384 0.40624 1.092717 0.484138 -0.268694 0.867794
220 -20 1. -1.24681 -0.592396 -1.046198 1.683987 0.953536 -0.725679 0.800112 -0.296932 -0.867794 -1.52384 0.484138 1.092717 0.40624 0.268694 1.503063
210 -20 1. -1.409539 -0.592396 -0.813798 1.480873 1.077988 -0.725679 0.622376 -0.854982 0. -1.340043 0.547325 1.092717 0.315998 0.773674 1.735587
200 -20 1. -1.529439 -0.592396 -0.55667 1.099144 1.169685 -0.725679 0.42573 -1.309909 0.867794 -0.994616 0.593883 1.092717 0.216156 1.185337 1.503063
190 -20 1. -1.602868 -0.592396 -0.282629 0.584843 1.225842 -0.725679 0.216149 -1.606842 1.503063 -0.529224 0.622395 1.092717 0.109745 1.454031 0.867794
180 -20 1. -1.627595 -0.592396 0. 0. 1.244753 -0.725679 0. -1.709965 1.735587 0. 0.631997 1.092717 0. 1.547348 0.
170 -20 1. -1.602868 -0.592396 0.282629 -0.584843 1.225842 -0.725679 -0.216149 -1.606842 1.503063 0.529224 0.622395 1.092717 -0.109745 1.454031 -0.867794
160 -20 1. -1.529439 -0.592396 0.55667 -1.099144 1.169685 -0.725679 -0.425731 -1.309909 0.867794 0.994616 0.593883 1.092717 -0.216156 1.185337 -1.503063
150 -20 1. -1.409539 -0.592396 0.813798 -1.480873 1.077988 -0.725679 -0.622376 -0.854983 0. 1.340042 0.547325 1.092717 -0.315998 0.773674 -1.735587
140 -20 1. -1.24681 -0.592396 1.046198 -1.683987 0.953536 -0.725679 -0.800112 -0.296933 -0.867793 1.52384 0.484138 1.092717 -0.40624 0.268694 -1.503063
130 -20 1. -1.046198 -0.592396 1.24681 -1.683987 0.800112 -0.725679 -0.953536 0.296932 -1.503062 1.52384 0.40624 1.092717 -0.484138 -0.268694 -0.867794
120 -20 1. -0.813798 -0.592396 1.409539 -1.480874 0.622377 -0.725679 -1.077987 0.854982 -1.735587 1.340043 0.315999 1.092717 -0.547325 -0.773674 0.
110 -20 1. -0.55667 -0.592396 1.529439 -1.099144 0.42573 -0.725679 -1.169685 1.30991 -1.503063 0.994616 0.216156 1.092717 -0.593883 -1.185337 0.867794
100 -20 1. -0.282629 -0.592396 1.602868 -0.584842 0.216149 -0.725679 -1.225842 1.606842 -0.867794 0.529224 0.109745 1.092717 -0.622395 -1.454031 1.503063
90 -20 1. 0. -0.592396 1.627595 0. 0. -0.725679 -1.244753 1.709965 0. 0. 0. 1.092717 -0.631997 -1.547348 1.735587
80 -20 1. 0.282629 -0.592396 1.602868 0.584842 -0.216149 -0.725679 -1.225842 1.606842 0.867794 -0.529224 -0.109745 1.092717 -0.622395 -1.454031 1.503063
70 -20 1. 0.55667 -0.592396 1.529439 1.099144 -0.42573 -0.725679 -1.169685 1.30991 1.503063 -0.994616 -0.216156 1.092717 -0.593883 -1.185337 0.867794
60 -20 1. 0.813798 -0.592396 1.409539 1.480874 -0.622377 -0.725679 -1.077987 0.854982 1.735587 -1.340043 -0.315999 1.092717 -0.547325 -0.773674 0.
50 -20 1. 1.046198 -0.592396 1.24681 1.683987 -0.800112 -0.725679 -0.953536 0.296932 1.503062 -1.52384 -0.40624 1.092717 -0.484138 -0.268694 -0.867794
40 -20 1. 1.24681 -0.592396 1.046198 1.683987 -0.953536 -0.725679 -0.800112 -0.296933 0.867793 -1.52384 -0.484138 1.092717 -0.40624 0.268694 -1.503063
30 -20 1. 1.409539 -0.592396 0.813798 1.480873 -1.077988 -0.725679 -0.622376 -0.854983 0. -1.340042 -0.547325 1.092717 -0.315998 0.773674 -1.735587
20 -20 1. 1.529439 -0.592396 0.55667 1.099144 -1.169685 -0.725679 -0.425731 -1.309909 -0.867794 -0.994616 -0.593883 1.092717 -0.216156 1.185337 -1.503063
10 -20 1. 1.602868 -0.592396 0.282629 0.584843 -1.225842 -0.725679 -0.216149 -1.606842 -1.503063 -0.529224 -0.622395 1.092717 -0.109745 1.454031 -0.867794
0 -20 1. 1.627595 -0.592396 0. 0. -1.244753 -0.725679 0. -1.709965 -1.735587 0. -0.631997 1.092717 0. 1.547348 0.
350 -30 1. 1.477212 -0.866026 -0.260472 -0.496739 -1.651573 -0.279508 0.291217 -1.36478 -1.176553 0.657124 0.345452 1.157516 -0.060912 1.805435 0.679283
340 -30 1. 1.409539 -0.866026 -0.51303 -0.933564 -1.575913 -0.279508 0.573585 -1.112579 -0.679283 1.23499 0.329626 1.157516 -0.119974 1.471804 1.176553
330 -30 1. 1.299038 -0.866026 -0.75 -1.257788 -1.452369 -0.279508 0.838525 -0.726185 0. 1.663897 0.303785 1.157516 -0.17539 0.960652 1.358566
320 -30 1. 1.149067 -0.866026 -0.964181 -1.430304 -1.284696 -0.279508 1.077987 -0.252202 0.679283 1.892114 0.268714 1.157516 -0.225477 0.333632 1.176553
310 -30 1. 0.964182 -0.866026 -1.149066 -1.430304 -1.077988 -0.279508 1.284695 0.2522 1.176553 1.892115 0.225478 1.157516 -0.268714 -0.33363 0.679284
300 -30 1. 0.75 -0.866026 -1.299038 -1.257789 -0.838526 -0.279508 1.452369 0.726184 1.358566 1.663898 0.17539 1.157516 -0.303785 -0.960651 0.
290 -30 1. 0.513031 -0.866026 -1.409539 -0.933565 -0.573586 -0.279508 1.575912 1.112578 1.176553 1.234991 0.119974 1.157516 -0.329626 -1.471803 -0.679282
280 -30 1. 0.260473 -0.866026 -1.477211 -0.49674 -0.291217 -0.279508 1.651573 1.36478 0.679284 0.657126 0.060913 1.157516 -0.345452 -1.805434 -1.176552
270 -30 1. 0. -0.866026 -1.5 0. 0. -0.279508 1.677051 1.452369 0. 0. 0. 1.157516 -0.350781 -1.921303 -1.358566
260 -30 1. -0.260472 -0.866026 -1.477212 0.49674 0.291217 -0.279508 1.651573 1.36478 -0.679284 -0.657125 -0.060912 1.157516 -0.345452 -1.805434 -1.176552
250 -30 1. -0.51303 -0.866026 -1.409539 0.933565 0.573585 -0.279508 1.575913 1.112579 -1.176553 -1.23499 -0.119974 1.157516 -0.329626 -1.471804 -0.679283
240 -30 1. -0.75 -0.866026 -1.299038 1.257788 0.838526 -0.279508 1.452369 0.726184 -1.358566 -1.663898 -0.17539 1.157516 -0.303785 -0.960652 0.
230 -30 1. -0.964181 -0.866026 -1.149067 1.430304 1.077988 -0.279508 1.284696 0.252201 -1.176553 -1.892114 -0.225477 1.157516 -0.268714 -0.333631 0.679283
220 -30 1. -1.149067 -0.866026 -0.964181 1.430304 1.284696 -0.279508 1.077988 -0.252201 -0.679283 -1.892115 -0.268714 1.157516 -0.225477 0.333631 1.176553
210 -30 1. -1.299038 -0.866026 -0.75 1.257788 1.452369 -0.279508 0.838526 -0.726184 0. -1.663898 -0.303785 1.157516 -0.17539 0.960652 1.358566
200 -30 1. -1.409539 -0.866026 -0.51303 0.933565 1.575913 -0.279508 0.573585 -1.112579 0.679283 -1.23499 -0.329626 1.157516 -0.119974 1.471804 1.176553
190 -30 1. -1.477212 -0.866026 -0.260472 0.496739 1.651573 -0.279508 0.291217 -1.36478 1.176553 -0.657124 -0.345452 1.157516 -0.060912 1.805435 0.679283
180 -30 1. -1.5 -0.866026 0. 0. 1.677051 -0.279508 0. -1.452369 1.358566 0. -0.350781 1.157516 0. 1.921303 0.
170 -30 1. -1.477212 -0.866026 0.260472 -0.496739 1.651573 -0.279508 -0.291217 -1.36478 1.176553 0.657125 -0.345452 1.157516 0.060912 1.805435 -0.679283
160 -30 1. -1.409539 -0.866026 0.51303 -0.933565 1.575913 -0.279508 -0.573585 -1.112579 0.679283 1.23499 -0.329626 1.157516 0.119974 1.471804 -1.176553
150 -30 1. -1.299038 -0.866026 0.75 -1.257788 1.452369 -0.279508 -0.838526 -0.726184 0. 1.663898 -0.303785 1.157516 0.17539 0.960652 -1.358566
140 -30 1. -1.149067 -0.866026 0.964181 -1.430304 1.284696 -0.279508 -1.077988 -0.252201 -0.679283 1.892114 -0.268714 1.157516 0.225477 0.333631 -1.176553
130 -30 1. -0.964182 -0.866026 1.149067 -1.430304 1.077988 -0.279508 -1.284696 0.252201 -1.176553 1.892115 -0.225478 1.157516 0.268714 -0.33363 -0.679283
120 -30 1. -0.75 -0.866026 1.299038 -1.257788 0.838526 -0.279508 -1.452369 0.726184 -1.358566 1.663898 -0.17539 1.157516 0.303785 -0.960651 0.
110 -30 1. -0.51303 -0.866026 1.409539 -0.933564 0.573585 -0.279508 -1.575913 1.112579 -1.176553 1.23499 -0.119974 1.157516 0.329626 -1.471804 0.679283
100 -30 1. -0.260472 -0.866026 1.477212 -0.496739 0.291217 -0.279508 -1.651573 1.36478 -0.679283 0.657124 -0.060912 1.157516 0.345452 -1.805435 1.176553
90 -30 1. 0. -0.866026 1.5 0. 0. -0.279508 -1.677051 1.452369 0. 0. 0. 1.157516 0.350781 -1.921303 1.358566
80 -30 1. 0.260472 -0.866026 1.477212 0.496739 -0.291217 -0.279508 -1.651573 1.36478 0.679283 -0.657124 0.060912 1.157516 0.345452 -1.805435 1.176553
70 -30 1. 0.51303 -0.866026 1.409539 0.933564 -0.573585 -0.279508 -1.575913 1.112579 1.176553 -1.23499 0.119974 1.157516 0.329626 -1.471804 0.679283
60 -30 1. 0.75 -0.866026 1.299038 1.257788 -0.838526 -0.279508 -1.452369 0.726184 1.358566 -1.663898 0.17539 1.157516 0.303785 -0.960651 0.
50 -30 1. 0.964182 -0.866026 1.149067 1.430304 -1.077988 -0.279508 -1.284696 0.252201 1.176553 -1.892115 0.225478 1.157516 0.268714 -0.33363 -0.679283
40 -30 1. 1.149067 -0.866026 0.964181 1.430304 -1.284696 -0.279508 -1.077988 -0.252201 0.679283 -1.892114 0.268714 1.157516 0.225477 0.333631 -1.176553
30 -30 1. 1.299038 -0.866026 0.75 1.257788 -1.452369 -0.279508 -0.838526 -0.726184 0. -1.663898 0.303785 1.157516 0.17539 0.960652 -1.358566
20 -30 1. 1.409539 -0.866026 0.51303 0.933565 -1.575913 -0.279508 -0.573585 -1.112579 -0.679283 -1.23499 0.329626 1.157516 0.119974 1.471804 -1.176553
10 -30 1. 1.477212 -0.866026 0.260472 0.496739 -1.651573 -0.279508 -0.291217 -1.36478 -1.176553 -0.657125 0.345452 1.157516 0.060912 1.805435 -0.679283
0 -30 1. 1.5 -0.866026 0. 0. -1.677051 -0.279508 0. -1.452369 -1.358566 0. 0.350781 1.157516 0. 1.921303 0.
350 -40 1. 1.30667 -1.113341 -0.230401 -0.388665 -1.8781 0.2678 0.331159 -1.067848 -0.814295 0.660985 1.302801 0.794309 -0.229719 1.816042 0.470133
340 -40 1. 1.24681 -1.113341 -0.453802 -0.730451 -1.792062 0.2678 0.652257 -0.870518 -0.470133 1.242245 1.243119 0.794309 -0.452458 1.480451 0.814294
330 -40 1. 1.149067 -1.113341 -0.663414 -0.984134 -1.651573 0.2678 0.953536 -0.56819 0. 1.673673 1.145664 0.794309 -0.661449 0.966296 0.940266
320 -40 1. 1.016409 -1.113341 -0.852868 -1.119116 -1.460902 0.2678 1.225842 -0.197331 0.470133 1.903231 1.0134 0.794309 -0.850343 0.335592 0.814295
310 -40 1. 0.852869 -1.113341 -1.016409 -1.119116 -1.225843 0.2678 1.460902 0.19733 0.814294 1.903231 0.850344 0.794309 -1.013399 -0.33559 0.470134
300 -40 1. 0.663414 -1.113341 -1.149066 -0.984134 -0.953537 0.2678 1.651573 0.568189 0.940266 1.673674 0.66145 0.794309 -1.145664 -0.966295 0.
290 -40 1. 0.453802 -1.113341 -1.24681 -0.730452 -0.652258 0.2678 1.792061 0.870517 0.814295 1.242247 0.452459 0.794309 -1.243119 -1.48045 -0.470133
280 -40 1. 0.230402 -1.113341 -1.30667 -0.388666 -0.33116 0.2678 1.878099 1.067848 0.470134 0.660986 0.229719 0.794309 -1.302801 -1.816041 -0.814294
270 -40 1. 0. -1.113341 -1.326828 0. 0. 0.2678 1.907072 1.13638 0. 0. 0. 0.794309 -1.322899 -1.932591 -0.940266
260 -40 1. -0.230401 -1.113341 -1.30667 0.388665 0.33116 0.2678 1.878099 1.067848 -0.470134 -0.660986 -0.229719 0.794309 -1.302801 -1.816042 -0.814294
250 -40 1. -0.453802 -1.113341 -1.24681 0.730451 0.652257 0.2678 1.792062 0.870517 -0.814294 -1.242246 -0.452458 0.794309 -1.243119 -1.480451 -0.470133
240 -40 1. -0.663414 -1.113341 -1.149067 0.984134 0.953536 0.2678 1.651573 0.56819 -0.940266 -1.673673 -0.66145 0.794309 -1.145664 -0.966296 0.
230 -40 1. -0.852869 -1.113341 -1.016409 1.119116 1.225842 0.2678 1.460902 0.19733 -0.814295 -1.903231 -0.850343 0.794309 -1.0134 -0.335591 0.470133
220 -40 1. -1.016409 -1.113341 -0.852869 1.119116 1.460902 0.2678 1.225842 -0.19733 -0.470133 -1.903231 -1.0134 0.794309 -0.850343 0.335591 0.814295
210 -40 1. -1.149067 -1.113341 -0.663414 0.984134 1.651573 0.2678 0.953536 -0.56819 0. -1.673673 -1.145664 0.794309 -0.66145 0.966296 0.940266
200 -40 1. -1.24681 -1.113341 -0.453802 0.730451 1.792062 0.2678 0.652257 -0.870518 0.470133 -1.242246 -1.243119 0.794309 -0.452458 1.480451 0.814294
190 -40 1. -1.30667 -1.113341 -0.230401 0.388665 1.878099 0.2678 0.33116 -1.067848 0.814295 -0.660985 -1.302801 0.794309 -0.229719 1.816042 0.470133
180 -40 1. -1.326828 -1.113341 0. 0. 1.907072 0.2678 0. -1.13638 0.940266 0. -1.322899 0.794309 0. 1.932591 0.
170 -40 1. -1.30667 -1.113341 0.230401 -0.388665 1.878099 0.2678 -0.33116 -1.067848 0.814295 0.660985 -1.302801 0.794309 0.229719 1.816042 -0.470133
160 -40 1. -1.24681 -1.113341 0.453802 -0.730451 1.792062 0.2678 -0.652257 -0.870518 0.470133 1.242246 -1.243119 0.794309 0.452458 1.480451 -0.814295
150 -40 1. -1.149067 -1.113341 0.663414 -0.984134 1.651573 0.2678 -0.953536 -0.56819 0. 1.673673 -1.145664 0.794309 0.66145 0.966296 -0.940266
140 -40 1. -1.016409 -1.113341 0.852868 -1.119116 1.460902 0.2678 -1.225842 -0.19733 -0.470133 1.903231 -1.0134 0.794309 0.850343 0.335591 -0.814295
130 -40 1. -0.852869 -1.113341 1.016409 -1.119116 1.225842 0.2678 -1.460902 0.19733 -0.814294 1.903231 -0.850343 0.794309 1.013399 -0.335591 -0.470133
120 -40 1. -0.663414 -1.113341 1.149067 -0.984134 0.953536 0.2678 -1.651573 0.56819 -0.940266 1.673674 -0.66145 0.794309 1.145664 -0.966295 0.
110 -40 1. -0.453802 -1.113341 1.24681 -0.730451 0.652257 0.2678 -1.792062 0.870518 -0.814294 1.242246 -0.452458 0.794309 1.243119 -1.480451 0.470133
100 -40 1. -0.230401 -1.113341 1.30667 -0.388665 0.33116 0.2678 -1.878099 1.067848 -0.470133 0.660985 -0.229719 0.794309 1.302801 -1.816042 0.814295
90 -40 1. 0. -1.113341 1.326828 0. 0. 0.2678 -1.907072 1.13638 0. 0. 0. 0.794309 1.322899 -1.932591 0.940266
80 -40 1. 0.230401 -1.113341 1.30667 0.388665 -0.33116 0.2678 -1.878099 1.067848 0.470133 -0.660985 0.229719 0.794309 1.302801 -1.816042 0.814295
70 -40 1. 0.453802 -1.113341 1.24681 0.730451 -0.652257 0.2678 -1.792062 0.870518 0.814294 -1.242246 0.452458 0.794309 1.243119 -1.480451 0.470133
60 -40 1. 0.663414 -1.113341 1.149067 0.984134 -0.953536 0.2678 -1.651573 0.56819 0.940266 -1.673674 0.66145 0.794309 1.145664 -0.966295 0.
50 -40 1. 0.852869 -1.113341 1.016409 1.119116 -1.225842 0.2678 -1.460902 0.19733 0.814294 -1.903231 0.850343 0.794309 1.013399 -0.335591 -0.470133
40 -40 1. 1.016409 -1.113341 0.852868 1.119116 -1.460902 0.2678 -1.225842 -0.19733 0.470133 -1.903231 1.0134 0.794309 0.850343 0.335591 -0.814295
30 -40 1. 1.149067 -1.113341 0.663414 0.984134 -1.651573 0.2678 -0.953536 -0.56819 0. -1.673673 1.145664 0.794309 0.66145 0.966296 -0.940266
20 -40 1. 1.24681 -1.113341 0.453802 0.730451 -1.792062 0.2678 -0.652257 -0.870518 -0.470133 -1.242246 1.243119 0.794309 0.452458 1.480451 -0.814295
10 -40 1. 1.30667 -1.113341 0.230401 0.388665 -1.878099 0.2678 -0.33116 -1.067848 -0.814295 -0.660985 1.302801 0.794309 0.229719 1.816042 -0.470133
0 -40 1. 1.326828 -1.113341 0. 0. -1.907072 0.2678 0. -1.13638 -0.940266 0. 1.322899 0.794309 0. 1.932591 0.
350 -50 1. 1.096427 -1.326828 -0.193329 -0.273654 -1.878099 0.850234 0.331159 -0.751859 -0.481085 0.554632 1.98366 0.066761 -0.349772 1.52384 0.277755
340 -50 1. 1.046198 -1.326828 -0.380785 -0.514302 -1.792062 0.850234 0.652257 -0.612921 -0.277755 1.042368 1.892786 0.066761 -0.688917 1.242246 0.481085
330 -50 1. 0.964182 -1.326828 -0.55667 -0.692917 -1.651573 0.850234 0.953536 -0.400056 0. 1.404378 1.744401 0.066761 -1.00713 0.810819 0.55551
320 -50 1. 0.852869 -1.326828 -0.715642 -0.787956 -1.460902 0.850234 1.225842 -0.138938 0.277755 1.597 1.543013 0.066761 -1.294741 0.281595 0.481085
310 -50 1. 0.715642 -1.326828 -0.852868 -0.787956 -1.225843 0.850234 1.460902 0.138938 0.481085 1.597001 1.294742 0.066761 -1.543013 -0.281594 0.277755
300 -50 1. 0.556671 -1.326828 -0.964181 -0.692917 -0.953537 0.850234 1.651573 0.400055 0.55551 1.404379 1.007131 0.066761 -1.744401 -0.810818 0.
290 -50 1. 0.380785 -1.326828 -1.046198 -0.514302 -0.652258 0.850234 1.792061 0.612921 0.481086 1.042369 0.688918 0.066761 -1.892786 -1.242245 -0.277754
280 -50 1. 0.19333 -1.326828 -1.096427 -0.273655 -0.33116 0.850234 1.878099 0.751859 0.277755 0.554634 0.349773 0.066761 -1.983659 -1.52384 -0.481085
270 -50 1. 0. -1.326828 -1.113341 0. 0. 0.850234 1.907072 0.800112 0. 0. 0. 0.066761 -2.014261 -1.621637 -0.55551
260 -50 1. -0.19333 -1.326828 -1.096427 0.273655 0.33116 0.850234 1.878099 0.751859 -0.277755 -0.554633 -0.349773 0.066761 -1.983659 -1.52384 -0.481085
250 -50 1. -0.380785 -1.326828 -1.046198 0.514302 0.652257 0.850234 1.792062 0.612921 -0.481085 -1.042368 -0.688918 0.066761 -1.892786 -1.242246 -0.277755
240 -50 1. -0.55667 -1.326828 -0.964181 0.692917 0.953536 0.850234 1.651573 0.400056 -0.55551 -1.404379 -1.00713 0.066761 -1.744401 -0.810818 0.
230 -50 1. -0.715642 -1.326828 -0.852869 0.787956 1.225842 0.850234 1.460902 0.138938 -0.481085 -1.597 -1.294742 0.066761 -1.543013 -0.281594 0.277755
220 -50 1. -0.852869 -1.326828 -0.715642 0.787956 1.460902 0.850234 1.225842 -0.138938 -0.277755 -1.597001 -1.543013 0.066761 -1.294742 0.281594 0.481085
210 -50 1. -0.964181 -1.326828 -0.55667 0.692917 1.651573 0.850234 0.953536 -0.400056 0. -1.404379 -1.744401 0.066761 -1.00713 0.810818 0.55551
200 -50 1. -1.046198 -1.326828 -0.380785 0.514302 1.792062 0.850234 0.652257 -0.612921 0.277755 -1.042368 -1.892786 0.066761 -0.688918 1.242246 0.481085
190 -50 1. -1.096427 -1.326828 -0.19333 0.273654 1.878099 0.850234 0.33116 -0.751859 0.481085 -0.554632 -1.983659 0.066761 -0.349773 1.52384 0.277755
180 -50 1. -1.113341 -1.326828 0. 0. 1.907072 0.850234 0. -0.800112 0.55551 0. -2.014261 0.066761 0. 1.621637 0.
170 -50 1. -1.096427 -1.326828 0.19333 -0.273654 1.878099 0.850234 -0.33116 -0.751859 0.481085 0.554633 -1.983659 0.066761 0.349773 1.52384 -0.277755
160 -50 1. -1.046198 -1.326828 0.380785 -0.514302 1.792062 0.850234 -0.652257 -0.612921 0.277755 1.042368 -1.892786 0.066761 0.688918 1.242246 -0.481085
150 -50 1. -0.964182 -1.326828 0.55667 -0.692917 1.651573 0.850234 -0.953536 -0.400056 0. 1.404379 -1.744401 0.066761 1.00713 0.810819 -0.55551
140 -50 1. -0.852869 -1.326828 0.715642 -0.787956 1.460902 0.850234 -1.225842 -0.138938 -0.277755 1.597 -1.543013 0.066761 1.294742 0.281594 -0.481085
130 -50 1. -0.715642 -1.326828 0.852868 -0.787956 1.225842 0.850234 -1.460902 0.138938 -0.481085 1.597001 -1.294742 0.066761 1.543013 -0.281594 -0.277755
120 -50 1. -0.556671 -1.326828 0.964181 -0.692917 0.953536 0.850234 -1.651573 0.400056 -0.55551 1.404379 -1.007131 0.066761 1.744401 -0.810818 0.
110 -50 1. -0.380785 -1.326828 1.046198 -0.514302 0.652257 0.850234 -1.792062 0.612921 -0.481085 1.042368 -0.688918 0.066761 1.892786 -1.242246 0.277755
100 -50 1. -0.19333 -1.326828 1.096427 -0.273654 0.33116 0.850234 -1.878099 0.751859 -0.277755 0.554632 -0.349773 0.066761 1.983659 -1.52384 0.481085
90 -50 1. 0. -1.326828 1.113341 0. 0. 0.850234 -1.907072 0.800112 0. 0. 0. 0.066761 2.014261 -1.621637 0.55551
80 -50 1. 0.19333 -1.326828 1.096427 0.273654 -0.33116 0.850234 -1.878099 0.751859 0.277755 -0.554632 0.349773 0.066761 1.983659 -1.52384 0.481085
70 -50 1. 0.380785 -1.326828 1.046198 0.514302 -0.652257 0.850234 -1.792062 0.612921 0.481085 -1.042368 0.688918 0.066761 1.892786 -1.242246 0.277755
60 -50 1. 0.556671 -1.326828 0.964181 0.692917 -0.953536 0.850234 -1.651573 0.400056 0.55551 -1.404379 1.007131 0.066761 1.744401 -0.810818 0.
50 -50 1. 0.715642 -1.326828 0.852868 0.787956 -1.225842 0.850234 -1.460902 0.138938 0.481085 -1.597001 1.294742 0.066761 1.543013 -0.281594 -0.277755
40 -50 1. 0.852869 -1.326828 0.715642 0.787956 -1.460902 0.850234 -1.225842 -0.138938 0.277755 -1.597 1.543013 0.066761 1.294742 0.281594 -0.481085
30 -50 1. 0.964182 -1.326828 0.55667 0.692917 -1.651573 0.850234 -0.953536 -0.400056 0. -1.404379 1.744401 0.066761 1.00713 0.810819 -0.55551
20 -50 1. 1.046198 -1.326828 0.380785 0.514302 -1.792062 0.850234 -0.652257 -0.612921 -0.277755 -1.042368 1.892786 0.066761 0.688918 1.242246 -0.481085
10 -50 1. 1.096427 -1.326828 0.19333 0.273654 -1.878099 0.850234 -0.33116 -0.751859 -0.481085 -0.554633 1.983659 0.066761 0.349773 1.52384 -0.277755
0 -50 1. 1.113341 -1.326828 0. 0. -1.907072 0.850234 0. -0.800112 -0.55551 0. 2.014261 0.066761 0. 1.621637 0.
350 -60 1. 0.852868 -1.5 -0.150384 -0.16558 -1.651572 1.397543 0.291217 -0.454926 -0.226428 0.379391 2.19391 -0.859234 -0.386845 1.042367 0.130728
340 -60 1. 0.813797 -1.5 -0.296198 -0.311188 -1.575912 1.397543 0.573585 -0.37086 -0.130728 0.713021 2.093405 -0.859234 -0.761937 0.849746 0.226428
330 -60 1. 0.75 -1.5 -0.433012 -0.419262 -1.452369 1.397543 0.838525 -0.242061 0. 0.960651 1.929292 -0.859234 -1.113877 0.554632 0.261456
320 -60 1. 0.663414 -1.5 -0.55667 -0.476768 -1.284696 1.397543 1.077987 -0.084067 0.130728 1.092412 1.706559 -0.859234 -1.431973 0.192622 0.226428
310 -60 1. 0.55667 -1.5 -0.663414 -0.476768 -1.077988 1.397543 1.284695 0.084067 0.226427 1.092412 1.431973 -0.859234 -1.706558 -0.192621 0.130728
300 -60 1. 0.433013 -1.5 -0.75 -0.419263 -0.838526 1.397543 1.452368 0.242061 0.261456 0.960651 1.113878 -0.859234 -1.929292 -0.554632 0.
290 -60 1. 0.296198 -1.5 -0.813797 -0.311188 -0.573586 1.397543 1.575912 0.370859 0.226428 0.713022 0.761938 -0.859234 -2.093404 -0.849745 -0.130728
280 -60 1. 0.150384 -1.5 -0.852868 -0.16558 -0.291217 1.397543 1.651572 0.454926 0.130728 0.379391 0.386846 -0.859234 -2.19391 -1.042367 -0.226427
270 -60 1. 0. -1.5 -0.866025 0. 0. 1.397543 1.677051 0.484123 0. 0. 0. -0.859234 -2.227754 -1.109264 -0.261456
260 -60 1. -0.150384 -1.5 -0.852868 0.16558 0.291217 1.397543 1.651572 0.454926 -0.130728 -0.379391 -0.386846 -0.859234 -2.19391 -1.042367 -0.226427
250 -60 1. -0.296198 -1.5 -0.813797 0.311188 0.573585 1.397543 1.575912 0.370859 -0.226427 -0.713021 -0.761937 -0.859234 -2.093404 -0.849746 -0.130728
240 -60 1. -0.433013 -1.5 -0.75 0.419262 0.838525 1.397543 1.452368 0.242061 -0.261456 -0.960651 -1.113877 -0.859234 -1.929292 -0.554632 0.
230 -60 1. -0.55667 -1.5 -0.663414 0.476768 1.077987 1.397543 1.284695 0.084067 -0.226428 -1.092412 -1.431973 -0.859234 -1.706559 -0.192622 0.130728
220 -60 1. -0.663414 -1.5 -0.55667 0.476768 1.284695 1.397543 1.077987 -0.084067 -0.130728 -1.092412 -1.706559 -0.859234 -1.431973 0.192622 0.226428
210 -60 1. -0.75 -1.5 -0.433013 0.419262 1.452368 1.397543 0.838525 -0.242061 0. -0.960651 -1.929292 -0.859234 -1.113877 0.554632 0.261456
200 -60 1. -0.813797 -1.5 -0.296198 0.311188 1.575912 1.397543 0.573585 -0.370859 0.130728 -0.713021 -2.093404 -0.859234 -0.761937 0.849746 0.226428
190 -60 1. -0.852868 -1.5 -0.150384 0.16558 1.651572 1.397543 0.291217 -0.454926 0.226428 -0.379391 -2.19391 -0.859234 -0.386846 1.042367 0.130728
180 -60 1. -0.866025 -1.5 0. 0. 1.677051 1.397543 0. -0.484123 0.261456 0. -2.227754 -0.859234 0. 1.109264 0.
170 -60 1. -0.852868 -1.5 0.150384 -0.16558 1.651572 1.397543 -0.291217 -0.454926 0.226428 0.379391 -2.19391 -0.859234 0.386846 1.042367 -0.130728
160 -60 1. -0.813797 -1.5 0.296198 -0.311188 1.575912 1.397543 -0.573585 -0.370859 0.130728 0.713021 -2.093404 -0.859234 0.761937 0.849746 -0.226428
150 -60 1. -0.75 -1.5 0.433013 -0.419262 1.452368 1.397543 -0.838525 -0.242061 0. 0.960651 -1.929292 -0.859234 1.113877 0.554632 -0.261456
140 -60 1. -0.663414 -1.5 0.55667 -0.476768 1.284695 1.397543 -1.077987 -0.084067 -0.130728 1.092412 -1.706559 -0.859234 1.431973 0.192622 -0.226428
130 -60 1. -0.55667 -1.5 0.663414 -0.476768 1.077987 1.397543 -1.284695 0.084067 -0.226427 1.092412 -1.431973 -0.859234 1.706559 -0.192621 -0.130728
120 -60 1. -0.433013 -1.5 0.75 -0.419263 0.838525 1.397543 -1.452368 0.242061 -0.261456 0.960651 -1.113877 -0.859234 1.929292 -0.554632 0.
110 -60 1. -0.296198 -1.5 0.813797 -0.311188 0.573585 1.397543 -1.575912 0.370859 -0.226427 0.713021 -0.761937 -0.859234 2.093405 -0.849746 0.130728
100 -60 1. -0.150384 -1.5 0.852868 -0.16558 0.291217 1.397543 -1.651572 0.454926 -0.130728 0.379391 -0.386845 -0.859234 2.19391 -1.042367 0.226428
90 -60 1. 0. -1.5 0.866025 0. 0. 1.397543 -1.677051 0.484123 0. 0. 0. -0.859234 2.227754 -1.109264 0.261456
80 -60 1. 0.150384 -1.5 0.852868 0.16558 -0.291217 1.397543 -1.651572 0.454926 0.130728 -0.379391 0.386845 -0.859234 2.19391 -1.042367 0.226428
70 -60 1. 0.296198 -1.5 0.813797 0.311188 -0.573585 1.397543 -1.575912 0.370859 0.226427 -0.713021 0.761937 -0.859234 2.093405 -0.849746 0.130728
60 -60 1. 0.433013 -1.5 0.75 0.419263 -0.838525 1.397543 -1.452368 0.242061 0.261456 -0.960651 1.113877 -0.859234 1.929292 -0.554632 0.
50 -60 1. 0.55667 -1.5 0.663414 0.476768 -1.077987 1.397543 -1.284695 0.084067 0.226427 -1.092412 1.431973 -0.859234 1.706559 -0.192621 -0.130728
40 -60 1. 0.663414 -1.5 0.55667 0.476768 -1.284695 1.397543 -1.077987 -0.084067 0.130728 -1.092412 1.706559 -0.859234 1.431973 0.192622 -0.226428
30 -60 1. 0.75 -1.5 0.433013 0.419262 -1.452368 1.397543 -0.838525 -0.242061 0. -0.960651 1.929292 -0.859234 1.113877 0.554632 -0.261456
20 -60 1. 0.813797 -1.5 0.296198 0.311188 -1.575912 1.397543 -0.573585 -0.370859 -0.130728 -0.713021 2.093404 -0.859234 0.761937 0.849746 -0.226428
10 -60 1. 0.852868 -1.5 0.150384 0.16558 -1.651572 1.397543 -0.291217 -0.454926 -0.226428 -0.379391 2.19391 -0.859234 0.386846 1.042367 -0.130728
0 -60 1. 0.866025 -1.5 0. 0. -1.677051 1.397543 0. -0.484123 -0.261456 0. 2.227754 -0.859234 0. 1.109264 0.
350 -70 1. 0.583397 -1.627595 -0.102868 -0.077477 -1.225843 1.843712 0.216149 -0.212865 -0.072473 0.192622 1.863686 -1.75912 -0.328618 0.529224 0.041842
340 -70 1. 0.556671 -1.627595 -0.202611 -0.145608 -1.169685 1.843712 0.42573 -0.173529 -0.041842 0.362011 1.778309 -1.75912 -0.647251 0.431428 0.072473
330 -70 1. 0.51303 -1.627595 -0.296198 -0.196178 -1.077988 1.843712 0.622376 -0.113263 0. 0.487736 1.638898 -1.75912 -0.946218 0.281595 0.083684
320 -70 1. 0.453802 -1.627595 -0.380785 -0.223085 -0.953536 1.843712 0.800112 -0.039336 0.041842 0.554633 1.44969 -1.75912 -1.216434 0.097797 0.072473
310 -70 1. 0.380785 -1.627595 -0.453802 -0.223085 -0.800112 1.843712 0.953536 0.039336 0.072473 0.554633 1.216435 -1.75912 -1.44969 -0.097796 0.041842
300 -70 1. 0.296198 -1.627595 -0.51303 -0.196178 -0.622377 1.843712 1.077988 0.113263 0.083684 0.487736 0.946219 -1.75912 -1.638898 -0.281594 0.
290 -70 1. 0.202611 -1.627596 -0.55667 -0.145608 -0.42573 1.843713 1.169684 0.173529 0.072473 0.36201 0.647251 -1.759121 -1.778306 -0.431426 -0.041842
280 -70 1. 0.102869 -1.627596 -0.583396 -0.077477 -0.216149 1.843713 1.225841 0.212865 0.041842 0.192622 0.328618 -1.759121 -1.863684 -0.529223 -0.072472
270 -70 1. 0. -1.627595 -0.592396 0. 0. 1.843712 1.244753 0.226527 0. 0. 0. -1.75912 -1.892436 -0.563189 -0.083684
260 -70 1. -0.102869 -1.627595 -0.583397 0.077477 0.216149 1.843712 1.225842 0.212865 -0.041842 -0.192622 -0.328618 -1.75912 -1.863686 -0.529224 -0.072473
250 -70 1. -0.202612 -1.627595 -0.55667 0.145609 0.425731 1.843712 1.169685 0.173529 -0.072473 -0.362011 -0.647251 -1.75912 -1.778308 -0.431428 -0.041842
240 -70 1. -0.296198 -1.627595 -0.51303 0.196178 0.622377 1.843712 1.077988 0.113263 -0.083684 -0.487736 -0.946218 -1.75912 -1.638898 -0.281594 0.
230 -70 1. -0.380785 -1.627595 -0.453802 0.223085 0.800112 1.843712 0.953536 0.039336 -0.072473 -0.554633 -1.216435 -1.75912 -1.44969 -0.097797 0.041842
220 -70 1. -0.453802 -1.627595 -0.380785 0.223085 0.953536 1.843712 0.800112 -0.039336 -0.041842 -0.554633 -1.44969 -1.75912 -1.216435 0.097797 0.072473
210 -70 1. -0.51303 -1.627595 -0.296198 0.196178 1.077988 1.843712 0.622377 -0.113263 0. -0.487736 -1.638898 -1.75912 -0.946218 0.281594 0.083684
200 -70 1. -0.55667 -1.627595 -0.202611 0.145608 1.169685 1.843712 0.425731 -0.173529 0.041842 -0.362011 -1.778308 -1.75912 -0.647251 0.431428 0.072473
190 -70 1. -0.583397 -1.627595 -0.102869 0.077477 1.225842 1.843712 0.216149 -0.212865 0.072473 -0.192622 -1.863686 -1.75912 -0.328618 0.529224 0.041842
180 -70 1. -0.592396 -1.627595 0. 0. 1.244753 1.843712 0. -0.226527 0.083684 0. -1.892436 -1.75912 0. 0.563189 0.
170 -70 1. -0.583397 -1.627595 0.102869 -0.077477 1.225842 1.843712 -0.216149 -0.212865 0.072473 0.192622 -1.863686 -1.75912 0.328618 0.529224 -0.041842
160 -70 1. -0.55667 -1.627595 0.202612 -0.145608 1.169685 1.843712 -0.425731 -0.173529 0.041842 0.362011 -1.778308 -1.75912 0.647251 0.431428 -0.072473
150 -70 1. -0.51303 -1.627595 0.296198 -0.196178 1.077988 1.843712 -0.622377 -0.113263 0. 0.487736 -1.638898 -1.75912 0.946218 0.281594 -0.083684
140 -70 1. -0.453802 -1.627595 0.380785 -0.223085 0.953536 1.843712 -0.800112 -0.039336 -0.041842 0.554633 -1.44969 -1.75912 1.216434 0.097797 -0.072473
130 -70 1. -0.380785 -1.627595 0.453802 -0.223085 0.800112 1.843712 -0.953536 0.039336 -0.072473 0.554633 -1.216435 -1.75912 1.44969 -0.097797 -0.041842
120 -70 1. -0.296198 -1.627595 0.51303 -0.196178 0.622377 1.843712 -1.077988 0.113263 -0.083684 0.487736 -0.946218 -1.75912 1.638898 -0.281594 0.
110 -70 1. -0.202611 -1.627595 0.55667 -0.145608 0.425731 1.843712 -1.169685 0.173529 -0.072473 0.362011 -0.647251 -1.75912 1.778308 -0.431428 0.041842
100 -70 1. -0.102869 -1.627595 0.583397 -0.077477 0.216149 1.843712 -1.225842 0.212865 -0.041842 0.192622 -0.328618 -1.75912 1.863686 -0.529224 0.072473
90 -70 1. 0. -1.627595 0.592396 0. 0. 1.843712 -1.244753 0.226527 0. 0. 0. -1.75912 1.892436 -0.563189 0.083684
80 -70 1. 0.102869 -1.627595 0.583397 0.077477 -0.216149 1.843712 -1.225842 0.212865 0.041842 -0.192622 0.328618 -1.75912 1.863686 -0.529224 0.072473
70 -70 1. 0.202611 -1.627595 0.55667 0.145608 -0.425731 1.843712 -1.169685 0.173529 0.072473 -0.362011 0.647251 -1.75912 1.778308 -0.431428 0.041842
60 -70 1. 0.296198 -1.627595 0.51303 0.196178 -0.622377 1.843712 -1.077988 0.113263 0.083684 -0.487736 0.946218 -1.75912 1.638898 -0.281594 0.
50 -70 1. 0.380785 -1.627595 0.453802 0.223085 -0.800112 1.843712 -0.953536 0.039336 0.072473 -0.554633 1.216435 -1.75912 1.44969 -0.097797 -0.041842
40 -70 1. 0.453802 -1.627595 0.380785 0.223085 -0.953536 1.843712 -0.800112 -0.039336 0.041842 -0.554633 1.44969 -1.75912 1.216434 0.097797 -0.072473
30 -70 1. 0.51303 -1.627595 0.296198 0.196178 -1.077988 1.843712 -0.622377 -0.113263 0. -0.487736 1.638898 -1.75912 0.946218 0.281594 -0.083684
20 -70 1. 0.55667 -1.627595 0.202612 0.145608 -1.169685 1.843712 -0.425731 -0.173529 -0.041842 -0.362011 1.778308 -1.75912 0.647251 0.431428 -0.072473
10 -70 1. 0.583397 -1.627595 0.102869 0.077477 -1.225842 1.843712 -0.216149 -0.212865 -0.072473 -0.192622 1.863686 -1.75912 0.328618 0.529224 -0.041842
0 -70 1. 0.592396 -1.627595 0. 0. -1.244753 1.843712 0. -0.226527 -0.083684 0. 1.892436 -1.75912 0. 0.563189 0.
350 -80 1. 0.296198 -1.705737 -0.052228 -0.019971 -0.652257 2.13493 0.11501 -0.054871 -0.009485 0.052036 1.066498 -2.409139 -0.188052 0.142969 0.005476
340 -80 1. 0.282629 -1.705737 -0.102868 -0.037534 -0.622376 2.13493 0.226526 -0.044731 -0.005476 0.097797 1.017641 -2.409139 -0.370391 0.116549 0.009485
330 -80 1. 0.260472 -1.705737 -0.150384 -0.050569 -0.573585 2.13493 0.331159 -0.029196 0. 0.131761 0.937863 -2.409139 -0.541475 0.076072 0.010952
320 -80 1. 0.230401 -1.705737 -0.193329 -0.057505 -0.507366 2.13493 0.42573 -0.01014 0.005476 0.149833 0.829588 -2.409139 -0.696107 0.02642 0.009485
310 -80 1. 0.19333 -1.705737 -0.230401 -0.057505 -0.42573 2.13493 0.507365 0.01014 0.009485 0.149833 0.696107 -2.409139 -0.829588 -0.02642 0.005476
300 -80 1. 0.150384 -1.705737 -0.260472 -0.050569 -0.33116 2.13493 0.573585 0.029196 0.010952 0.131761 0.541475 -2.409139 -0.937862 -0.076072 0.
290 -80 1. 0.102869 -1.705737 -0.282629 -0.037534 -0.226527 2.13493 0.622376 0.044731 0.009485 0.097797 0.370391 -2.409139 -1.01764 -0.116549 -0.005476
280 -80 1. 0.052228 -1.705737 -0.296198 -0.019971 -0.115011 2.13493 0.652257 0.054871 0.005476 0.052037 0.188053 -2.409139 -1.066498 -0.142969 -0.009485
270 -80 1. 0. -1.705737 -0.300767 0. 0. 2.13493 0.662319 0.058392 0. 0. 0. -2.409139 -1.08295 -0.152144 -0.010952
260 -80 1. -0.052228 -1.705737 -0.296198 0.019971 0.115011 2.13493 0.652257 0.054871 -0.005476 -0.052036 -0.188053 -2.409139 -1.066498 -0.142969 -0.009485
250 -80 1. -0.102868 -1.705737 -0.282629 0.037534 0.226526 2.13493 0.622376 0.044731 -0.009485 -0.097797 -0.370391 -2.409139 -1.017641 -0.116549 -0.005476
240 -80 1. -0.150384 -1.705737 -0.260472 0.050569 0.331159 2.13493 0.573585 0.029196 -0.010952 -0.131761 -0.541475 -2.409139 -0.937863 -0.076072 0.
230 -80 1. -0.193329 -1.705737 -0.230401 0.057505 0.42573 2.13493 0.507366 0.01014 -0.009485 -0.149833 -0.696107 -2.409139 -0.829588 -0.02642 0.005476
220 -80 1. -0.230401 -1.705737 -0.193329 0.057505 0.507366 2.13493 0.42573 -0.01014 -0.005476 -0.149833 -0.829588 -2.409139 -0.696107 0.02642 0.009485
210 -80 1. -0.260472 -1.705737 -0.150384 0.050569 0.573585 2.13493 0.331159 -0.029196 0. -0.131761 -0.937863 -2.409139 -0.541475 0.076072 0.010952
200 -80 1. -0.282629 -1.705737 -0.102868 0.037534 0.622376 2.13493 0.226526 -0.044731 0.005476 -0.097797 -1.017641 -2.409139 -0.370391 0.116549 0.009485
190 -80 1. -0.296198 -1.705737 -0.052228 0.019971 0.652257 2.13493 0.11501 -0.054871 0.009485 -0.052036 -1.066498 -2.409139 -0.188052 0.142969 0.005476
180 -80 1. -0.300767 -1.705737 0. 0. 0.662319 2.13493 0. -0.058392 0.010952 0. -1.08295 -2.409139 0. 0.152144 0.
170 -80 1. -0.296198 -1.705737 0.052228 -0.019971 0.652257 2.13493 -0.11501 -0.054871 0.009485 0.052036 -1.066498 -2.409139 0.188052 0.142969 -0.005476
160 -80 1. -0.282629 -1.705737 0.102868 -0.037534 0.622376 2.13493 -0.226526 -0.044731 0.005476 0.097797 -1.017641 -2.409139 0.370391 0.116549 -0.009485
150 -80 1. -0.260472 -1.705737 0.150384 -0.050569 0.573585 2.13493 -0.331159 -0.029196 0. 0.131761 -0.937863 -2.409139 0.541475 0.076072 -0.010952
140 -80 1. -0.230401 -1.705737 0.193329 -0.057505 0.507366 2.13493 -0.42573 -0.01014 -0.005476 0.149833 -0.829588 -2.409139 0.696107 0.02642 -0.009485
130 -80 1. -0.193329 -1.705737 0.230401 -0.057505 0.42573 2.13493 -0.507366 0.01014 -0.009485 0.149833 -0.696107 -2.409139 0.829588 -0.02642 -0.005476
120 -80 1. -0.150384 -1.705737 0.260472 -0.050569 0.331159 2.13493 -0.573585 0.029196 -0.010952 0.131761 -0.541475 -2.409139 0.937863 -0.076072 0.
110 -80 1. -0.102868 -1.705737 0.282629 -0.037534 0.226526 2.13493 -0.622376 0.044731 -0.009485 0.097797 -0.370391 -2.409139 1.017641 -0.116549 0.005476
100 -80 1. -0.052228 -1.705737 0.296198 -0.019971 0.11501 2.13493 -0.652257 0.054871 -0.005476 0.052036 -0.188052 -2.409139 1.066498 -0.142969 0.009485
90 -80 1. 0. -1.705737 0.300767 0. 0. 2.13493 -0.662319 0.058392 0. 0. 0. -2.409139 1.08295 -0.152144 0.010952
80 -80 1. 0.052228 -1.705737 0.296198 0.019971 -0.11501 2.13493 -0.652257 0.054871 0.005476 -0.052036 0.188052 -2.409139 1.066498 -0.142969 0.009485
70 -80 1. 0.102868 -1.705737 0.282629 0.037534 -0.226526 2.13493 -0.622376 0.044731 0.009485 -0.097797 0.370391 -2.409139 1.017641 -0.116549 0.005476
60 -80 1. 0.150384 -1.705737 0.260472 0.050569 -0.331159 2.13493 -0.573585 0.029196 0.010952 -0.131761 0.541475 -2.409139 0.937863 -0.076072 0.
50 -80 1. 0.193329 -1.705737 0.230401 0.057505 -0.42573 2.13493 -0.507366 0.01014 0.009485 -0.149833 0.696107 -2.409139 0.829588 -0.02642 -0.005476
40 -80 1. 0.230401 -1.705737 0.193329 0.057505 -0.507366 2.13493 -0.42573 -0.01014 0.005476 -0.149833 0.829588 -2.409139 0.696107 0.02642 -0.009485
30 -80 1. 0.260472 -1.705737 0.150384 0.050569 -0.573585 2.13493 -0.331159 -0.029196 0. -0.131761 0.937863 -2.409139 0.541475 0.076072 -0.010952
20 -80 1. 0.282629 -1.705737 0.102868 0.037534 -0.622376 2.13493 -0.226526 -0.044731 -0.005476 -0.097797 1.017641 -2.409139 0.370391 0.116549 -0.009485
10 -80 1. 0.296198 -1.705737 0.052228 0.019971 -0.652257 2.13493 -0.11501 -0.054871 -0.009485 -0.052036 1.066498 -2.409139 0.188052 0.142969 -0.005476
0 -80 1. 0.300767 -1.705737 0. 0. -0.662319 2.13493 0. -0.058392 -0.010952 0. 1.08295 -2.409139 0. 0.152144 0.
350 -90 1. 0. -1.732051 0. 0. 0. 2.236068 0. 0. 0. 0. 0. -2.645751 0. 0. 0.
340 -90 1. 0. -1.732051 0. 0. 0. 2.236068 0. 0. 0. 0. 0. -2.645751 0. 0. 0.
330 -90 1. 0. -1.732051 0. 0. 0. 2.236068 0. 0. 0. 0. 0. -2.645751 0. 0. 0.
320 -90 1. 0. -1.732051 0. 0. 0. 2.236068 0. 0. 0. 0. 0. -2.645751 0. 0. 0.
310 -90 1. 0. -1.732051 0. 0. 0. 2.236068 0. 0. 0. 0. 0. -2.645751 0. 0. 0.
300 -90 1. 0. -1.732051 0. 0. 0. 2.236068 0. 0. 0. 0. 0. -2.645751 0. 0. 0.
290 -90 1. 0. -1.732051 0. 0. 0. 2.236068 0. 0. 0. 0. 0. -2.645751 0. 0. 0.
280 -90 1. 0. -1.732051 0. 0. 0. 2.236068 0. 0. 0. 0. 0. -2.645751 0. 0. 0.
270 -90 1. 0. -1.732051 0. 0. 0. 2.236068 0. 0. 0. 0. 0. -2.645751 0. 0. 0.
260 -90 1. 0. -1.732051 0. 0. 0. 2.236068 0. 0. 0. 0. 0. -2.645751 0. 0. 0.
250 -90 1. 0. -1.732051 0. 0. 0. 2.236068 0. 0. 0. 0. 0. -2.645751 0. 0. 0.
240 -90 1. 0. -1.732051 0. 0. 0. 2.236068 0. 0. 0. 0. 0. -2.645751 0. 0. 0.
230 -90 1. 0. -1.732051 0. 0. 0. 2.236068 0. 0. 0. 0. 0. -2.645751 0. 0. 0.
220 -90 1. 0. -1.732051 0. 0. 0. 2.236068 0. 0. 0. 0. 0. -2.645751 0. 0. 0.
210 -90 1. 0. -1.732051 0. 0. 0. 2.236068 0. 0. 0. 0. 0. -2.645751 0. 0. 0.
200 -90 1. 0. -1.732051 0. 0. 0. 2.236068 0. 0. 0. 0. 0. -2.645751 0. 0. 0.
190 -90 1. 0. -1.732051 0. 0. 0. 2.236068 0. 0. 0. 0. 0. -2.645751 0. 0. 0.
180 -90 1. 0. -1.732051 0. 0. 0. 2.236068 0. 0. 0. 0. 0. -2.645751 0. 0. 0.
170 -90 1. 0. -1.732051 0. 0. 0. 2.236068 0. 0. 0. 0. 0. -2.645751 0. 0. 0.
160 -90 1. 0. -1.732051 0. 0. 0. 2.236068 0. 0. 0. 0. 0. -2.645751 0. 0. 0.
150 -90 1. 0. -1.732051 0. 0. 0. 2.236068 0. 0. 0. 0. 0. -2.645751 0. 0. 0.
140 -90 1. 0. -1.732051 0. 0. 0. 2.236068 0. 0. 0. 0. 0. -2.645751 0. 0. 0.
130 -90 1. 0. -1.732051 0. 0. 0. 2.236068 0. 0. 0. 0. 0. -2.645751 0. 0. 0.
120 -90 1. 0. -1.732051 0. 0. 0. 2.236068 0. 0. 0. 0. 0. -2.645751 0. 0. 0.
110 -90 1. 0. -1.732051 0. 0. 0. 2.236068 0. 0. 0. 0. 0. -2.645751 0. 0. 0.
100 -90 1. 0. -1.732051 0. 0. 0. 2.236068 0. 0. 0. 0. 0. -2.645751 0. 0. 0.
90 -90 1. 0. -1.732051 0. 0. 0. 2.236068 0. 0. 0. 0. 0. -2.645751 0. 0. 0.
80 -90 1. 0. -1.732051 0. 0. 0. 2.236068 0. 0. 0. 0. 0. -2.645751 0. 0. 0.
70 -90 1. 0. -1.732051 0. 0. 0. 2.236068 0. 0. 0. 0. 0. -2.645751 0. 0. 0.
60 -90 1. 0. -1.732051 0. 0. 0. 2.236068 0. 0. 0. 0. 0. -2.645751 0. 0. 0.
50 -90 1. 0. -1.732051 0. 0. 0. 2.236068 0. 0. 0. 0. 0. -2.645751 0. 0. 0.
40 -90 1. 0. -1.732051 0. 0. 0. 2.236068 0. 0. 0. 0. 0. -2.645751 0. 0. 0.
30 -90 1. 0. -1.732051 0. 0. 0. 2.236068 0. 0. 0. 0. 0. -2.645751 0. 0. 0.
20 -90 1. 0. -1.732051 0. 0. 0. 2.236068 0. 0. 0. 0. 0. -2.645751 0. 0. 0.
10 -90 1. 0. -1.732051 0. 0. 0. 2.236068 0. 0. 0. 0. 0. -2.645751 0. 0. 0.
0 -90 1. 0. -1.732051 0. 0. 0. 2.236068 0. 0. 0. 0. 0. -2.645751 0. 0. 0.